# Made in Blockbench 4.12.5
mtllib armario_opened.mtl

o cube
v 0.15625 0.3125 0.5
v 0.15625 0.3125 0.0625
v 0.15625 -0.375 0.5
v 0.15625 -0.375 0.0625
v -1.15625 0.3125 0.0625
v -1.15625 0.3125 0.5
v -1.15625 -0.375 0.0625
v -1.15625 -0.375 0.5
vt 0.0546875 0.8046875
vt 0.21875 0.8046875
vt 0.21875 0.71875
vt 0.0546875 0.71875
vt 0 0.8046875
vt 0.0546875 0.8046875
vt 0.0546875 0.71875
vt 0 0.71875
vt 0.2734375 0.8046875
vt 0.4375 0.8046875
vt 0.4375 0.71875
vt 0.2734375 0.71875
vt 0.21875 0.8046875
vt 0.2734375 0.8046875
vt 0.2734375 0.71875
vt 0.21875 0.71875
vt 0.21875 0.8046875
vt 0.0546875 0.8046875
vt 0.0546875 0.859375
vt 0.21875 0.859375
vt 0.3828125 0.859375
vt 0.21875 0.859375
vt 0.21875 0.8046875
vt 0.3828125 0.8046875
vn 0 0 -1
vn 1 0 0
vn 0 0 1
vn -1 0 0
vn 0 1 0
vn 0 -1 0
usemtl m_3447c0f6-8bd9-7d5c-a6d3-c6415761a2ae
f 4/4/1 7/3/1 5/2/1 2/1/1
f 3/8/2 4/7/2 2/6/2 1/5/2
f 8/12/3 3/11/3 1/10/3 6/9/3
f 7/16/4 8/15/4 6/14/4 5/13/4
f 6/20/5 1/19/5 2/18/5 5/17/5
f 7/24/6 4/23/6 3/22/6 8/21/6
o cube
v 0.15625 1.875 0.5
v 0.15625 1.875 0.0625
v 0.15625 1.1875 0.5
v 0.15625 1.1875 0.0625
v -1.15625 1.875 0.0625
v -1.15625 1.875 0.5
v -1.15625 1.1875 0.0625
v -1.15625 1.1875 0.5
vt 0.0546875 0.9453125
vt 0.21875 0.9453125
vt 0.21875 0.859375
vt 0.0546875 0.859375
vt 0 0.9453125
vt 0.0546875 0.9453125
vt 0.0546875 0.859375
vt 0 0.859375
vt 0.2734375 0.9453125
vt 0.4375 0.9453125
vt 0.4375 0.859375
vt 0.2734375 0.859375
vt 0.21875 0.9453125
vt 0.2734375 0.9453125
vt 0.2734375 0.859375
vt 0.21875 0.859375
vt 0.21875 0.9453125
vt 0.0546875 0.9453125
vt 0.0546875 1
vt 0.21875 1
vt 0.3828125 1
vt 0.21875 1
vt 0.21875 0.9453125
vt 0.3828125 0.9453125
vn 0 0 -1
vn 1 0 0
vn 0 0 1
vn -1 0 0
vn 0 1 0
vn 0 -1 0
usemtl m_3447c0f6-8bd9-7d5c-a6d3-c6415761a2ae
f 12/28/7 15/27/7 13/26/7 10/25/7
f 11/32/8 12/31/8 10/30/8 9/29/8
f 16/36/9 11/35/9 9/34/9 14/33/9
f 15/40/10 16/39/10 14/38/10 13/37/10
f 14/44/11 9/43/11 10/42/11 13/41/11
f 15/48/12 12/47/12 11/46/12 16/45/12
o cube
v 0.15625 0.875 0.4375
v 0.15625 0.875 0
v 0.15625 0.8125 0.4375
v 0.15625 0.8125 0
v -1.15625 0.875 0
v -1.15625 0.875 0.4375
v -1.15625 0.8125 0
v -1.15625 0.8125 0.4375
vt 0.2734375 0.6640625
vt 0.4375 0.6640625
vt 0.4375 0.65625
vt 0.2734375 0.65625
vt 0.21875 0.6640625
vt 0.2734375 0.6640625
vt 0.2734375 0.65625
vt 0.21875 0.65625
vt 0.4921875 0.6640625
vt 0.65625 0.6640625
vt 0.65625 0.65625
vt 0.4921875 0.65625
vt 0.4375 0.6640625
vt 0.4921875 0.6640625
vt 0.4921875 0.65625
vt 0.4375 0.65625
vt 0.4375 0.6640625
vt 0.2734375 0.6640625
vt 0.2734375 0.71875
vt 0.4375 0.71875
vt 0.6015625 0.71875
vt 0.4375 0.71875
vt 0.4375 0.6640625
vt 0.6015625 0.6640625
vn 0 0 -1
vn 1 0 0
vn 0 0 1
vn -1 0 0
vn 0 1 0
vn 0 -1 0
usemtl m_3447c0f6-8bd9-7d5c-a6d3-c6415761a2ae
f 20/52/13 23/51/13 21/50/13 18/49/13
f 19/56/14 20/55/14 18/54/14 17/53/14
f 24/60/15 19/59/15 17/58/15 22/57/15
f 23/64/16 24/63/16 22/62/16 21/61/16
f 22/68/17 17/67/17 18/66/17 21/65/17
f 23/72/18 20/71/18 19/70/18 24/69/18
o cube
v 0.21875 1.9375 0.5
v 0.21875 1.9375 0
v 0.21875 -0.5 0.5
v 0.21875 -0.5 0
v 0.15625 1.9375 0
v 0.15625 1.9375 0.5
v 0.15625 -0.5 0
v 0.15625 -0.5 0.5
vt 0.203125 0.65625
vt 0.2109375 0.65625
vt 0.2109375 0.3515625
vt 0.203125 0.3515625
vt 0.140625 0.65625
vt 0.203125 0.65625
vt 0.203125 0.3515625
vt 0.140625 0.3515625
vt 0.2734375 0.65625
vt 0.28125 0.65625
vt 0.28125 0.3515625
vt 0.2734375 0.3515625
vt 0.2109375 0.65625
vt 0.2734375 0.65625
vt 0.2734375 0.3515625
vt 0.2109375 0.3515625
vt 0.2109375 0.65625
vt 0.203125 0.65625
vt 0.203125 0.71875
vt 0.2109375 0.71875
vt 0.21875 0.71875
vt 0.2109375 0.71875
vt 0.2109375 0.65625
vt 0.21875 0.65625
vn 0 0 -1
vn 1 0 0
vn 0 0 1
vn -1 0 0
vn 0 1 0
vn 0 -1 0
usemtl m_3447c0f6-8bd9-7d5c-a6d3-c6415761a2ae
f 28/76/19 31/75/19 29/74/19 26/73/19
f 27/80/20 28/79/20 26/78/20 25/77/20
f 32/84/21 27/83/21 25/82/21 30/81/21
f 31/88/22 32/87/22 30/86/22 29/85/22
f 30/92/23 25/91/23 26/90/23 29/89/23
f 31/96/24 28/95/24 27/94/24 32/93/24
o cube
v -1.15625 1.9375 0.5
v -1.15625 1.9375 0
v -1.15625 -0.5 0.5
v -1.15625 -0.5 0
v -1.21875 1.9375 0
v -1.21875 1.9375 0.5
v -1.21875 -0.5 0
v -1.21875 -0.5 0.5
vt 0.0625 0.65625
vt 0.0703125 0.65625
vt 0.0703125 0.3515625
vt 0.0625 0.3515625
vt 0 0.65625
vt 0.0625 0.65625
vt 0.0625 0.3515625
vt 0 0.3515625
vt 0.1328125 0.65625
vt 0.140625 0.65625
vt 0.140625 0.3515625
vt 0.1328125 0.3515625
vt 0.0703125 0.65625
vt 0.1328125 0.65625
vt 0.1328125 0.3515625
vt 0.0703125 0.3515625
vt 0.0703125 0.65625
vt 0.0625 0.65625
vt 0.0625 0.71875
vt 0.0703125 0.71875
vt 0.078125 0.71875
vt 0.0703125 0.71875
vt 0.0703125 0.65625
vt 0.078125 0.65625
vn 0 0 -1
vn 1 0 0
vn 0 0 1
vn -1 0 0
vn 0 1 0
vn 0 -1 0
usemtl m_3447c0f6-8bd9-7d5c-a6d3-c6415761a2ae
f 36/100/25 39/99/25 37/98/25 34/97/25
f 35/104/26 36/103/26 34/102/26 33/101/26
f 40/108/27 35/107/27 33/106/27 38/105/27
f 39/112/28 40/111/28 38/110/28 37/109/28
f 38/116/29 33/115/29 34/114/29 37/113/29
f 39/120/30 36/119/30 35/118/30 40/117/30
o cube
v 0.15625 1.1875 0.5
v 0.15625 1.1875 0.4375
v 0.15625 0.3125 0.5
v 0.15625 0.3125 0.4375
v -1.15625 1.1875 0.4375
v -1.15625 1.1875 0.5
v -1.15625 0.3125 0.4375
v -1.15625 0.3125 0.5
vt 0.2890625 0.6484375
vt 0.453125 0.6484375
vt 0.453125 0.5390625
vt 0.2890625 0.5390625
vt 0.28125 0.6484375
vt 0.2890625 0.6484375
vt 0.2890625 0.5390625
vt 0.28125 0.5390625
vt 0.4609375 0.6484375
vt 0.625 0.6484375
vt 0.625 0.5390625
vt 0.4609375 0.5390625
vt 0.453125 0.6484375
vt 0.4609375 0.6484375
vt 0.4609375 0.5390625
vt 0.453125 0.5390625
vt 0.453125 0.6484375
vt 0.2890625 0.6484375
vt 0.2890625 0.65625
vt 0.453125 0.65625
vt 0.6171875 0.65625
vt 0.453125 0.65625
vt 0.453125 0.6484375
vt 0.6171875 0.6484375
vn 0 0 -1
vn 1 0 0
vn 0 0 1
vn -1 0 0
vn 0 1 0
vn 0 -1 0
usemtl m_3447c0f6-8bd9-7d5c-a6d3-c6415761a2ae
f 44/124/31 47/123/31 45/122/31 42/121/31
f 43/128/32 44/127/32 42/126/32 41/125/32
f 48/132/33 43/131/33 41/130/33 46/129/33
f 47/136/34 48/135/34 46/134/34 45/133/34
f 46/140/35 41/139/35 42/138/35 45/137/35
f 47/144/36 44/143/36 43/142/36 48/141/36
o cube
v -1.1848913737025237 0.3125 -0.6109702355959974
v -1.2464418582657868 0.3125 -0.6001172244918141
v -1.1848913737025237 -0.375 -0.6109702355959974
v -1.2464418582657868 -0.375 -0.6001172244918141
v -1.1379117472239542 0.3125 0.015387621140815752
v -1.076361262660691 0.3125 0.004534610036632483
v -1.1379117472239542 -0.375 0.015387621140815738
v -1.076361262660691 -0.375 0.004534610036632469
vt 0.4453125 0.8046875
vt 0.5234375 0.8046875
vt 0.5234375 0.71875
vt 0.4453125 0.71875
vt 0.4375 0.8046875
vt 0.4453125 0.8046875
vt 0.4453125 0.71875
vt 0.4375 0.71875
vt 0.53125 0.8046875
vt 0.609375 0.8046875
vt 0.609375 0.71875
vt 0.53125 0.71875
vt 0.5234375 0.8046875
vt 0.53125 0.8046875
vt 0.53125 0.71875
vt 0.5234375 0.71875
vt 0.5234375 0.8046875
vt 0.4453125 0.8046875
vt 0.4453125 0.8125
vt 0.5234375 0.8125
vt 0.6015625 0.8125
vt 0.5234375 0.8125
vt 0.5234375 0.8046875
vt 0.6015625 0.8046875
vn -0.9848077530122078 -1.860513664545584e-18 0.1736481776669323
vn -0.1736481776669323 2.126576849575796e-17 -0.9848077530122078
vn 0.9848077530122078 1.860513664545584e-18 -0.1736481776669323
vn 0.1736481776669323 -2.126576849575796e-17 0.9848077530122078
vn 1.8605136645455836e-18 1 2.1265768495757953e-17
vn -1.8605136645455836e-18 -1 -2.1265768495757953e-17
usemtl m_3447c0f6-8bd9-7d5c-a6d3-c6415761a2ae
f 52/148/37 55/147/37 53/146/37 50/145/37
f 51/152/38 52/151/38 50/150/38 49/149/38
f 56/156/39 51/155/39 49/154/39 54/153/39
f 55/160/40 56/159/40 54/158/40 53/157/40
f 54/164/41 49/163/41 50/162/41 53/161/41
f 55/168/42 52/167/42 51/166/42 56/165/42
o cube
v -1.2346578060014504 -0.031249999999999997 -0.533286543123659
v -1.2962082905647134 -0.031249999999999997 -0.5224335320194757
v -1.2193093305053286 -0.11963834764831842 -0.44624101308365666
v -1.2808598150685917 -0.11963834764831842 -0.43538800197947336
v -1.2808598150685917 0.05713834764831845 -0.4353880019794734
v -1.2193093305053286 0.05713834764831845 -0.44624101308365666
v -1.26551133957247 -0.031249999999999983 -0.34834247193947104
v -1.203960855009207 -0.031249999999999983 -0.35919548304365434
vt 0.0078125 0.828125
vt 0.0234375 0.828125
vt 0.0234375 0.8125
vt 0.0078125 0.8125
vt 0 0.828125
vt 0.0078125 0.828125
vt 0.0078125 0.8125
vt 0 0.8125
vt 0.03125 0.828125
vt 0.046875 0.828125
vt 0.046875 0.8125
vt 0.03125 0.8125
vt 0.0234375 0.828125
vt 0.03125 0.828125
vt 0.03125 0.8125
vt 0.0234375 0.8125
vt 0.0234375 0.828125
vt 0.0078125 0.828125
vt 0.0078125 0.8359375
vt 0.0234375 0.8359375
vt 0.0390625 0.8359375
vt 0.0234375 0.8359375
vt 0.0234375 0.828125
vt 0.0390625 0.828125
vn -0.9848077530122079 1.387778780781446e-17 0.17364817766693233
vn -0.12278780396897422 -0.7071067811865476 -0.6963642403200186
vn 0.9848077530122079 -1.387778780781446e-17 -0.17364817766693233
vn 0.12278780396897422 0.7071067811865476 0.6963642403200186
vn -0.12278780396897424 0.7071067811865475 -0.6963642403200188
vn 0.12278780396897424 -0.7071067811865475 0.6963642403200188
usemtl m_3447c0f6-8bd9-7d5c-a6d3-c6415761a2ae
f 60/172/43 63/171/43 61/170/43 58/169/43
f 59/176/44 60/175/44 58/174/44 57/173/44
f 64/180/45 59/179/45 57/178/45 62/177/45
f 63/184/46 64/183/46 62/182/46 61/181/46
f 62/188/47 57/187/47 58/186/47 61/185/47
f 63/192/48 60/191/48 59/190/48 64/189/48
o cube
v 0.11194916791757531 0.3125 -0.023649212972719165
v 0.17391447175343844 0.3125 -0.015491325958965777
v 0.11194916791757514 -0.375 -0.02364921297271918
v 0.17391447175343827 -0.375 -0.015491325958965787
v 0.25549334189097234 0.3125 -0.635144364317597
v 0.1935280380551092 0.3125 -0.6433022513313504
v 0.25549334189097217 -0.375 -0.635144364317597
v 0.19352803805510904 -0.375 -0.6433022513313504
vt 0.4453125 0.8984375
vt 0.5234375 0.8984375
vt 0.5234375 0.8125
vt 0.4453125 0.8125
vt 0.4375 0.8984375
vt 0.4453125 0.8984375
vt 0.4453125 0.8125
vt 0.4375 0.8125
vt 0.53125 0.8984375
vt 0.609375 0.8984375
vt 0.609375 0.8125
vt 0.53125 0.8125
vt 0.5234375 0.8984375
vt 0.53125 0.8984375
vt 0.53125 0.8125
vt 0.5234375 0.8125
vt 0.5234375 0.8984375
vt 0.4453125 0.8984375
vt 0.4453125 0.90625
vt 0.5234375 0.90625
vt 0.6015625 0.90625
vt 0.5234375 0.90625
vt 0.5234375 0.8984375
vt 0.6015625 0.8984375
vn 0.99144486137381 -2.4388165751598807e-16 0.13052619222005424
vn -0.13052619222005424 1.5984848350718153e-17 0.99144486137381
vn -0.99144486137381 2.4388165751598807e-16 -0.13052619222005424
vn 0.13052619222005424 -1.5984848350718153e-17 -0.99144486137381
vn 2.4388165751598807e-16 1 1.5984848350718153e-17
vn -2.4388165751598807e-16 -1 -1.5984848350718153e-17
usemtl m_3447c0f6-8bd9-7d5c-a6d3-c6415761a2ae
f 68/196/49 71/195/49 69/194/49 66/193/49
f 67/200/50 68/199/50 66/198/50 65/197/50
f 72/204/51 67/203/51 65/202/51 70/201/51
f 71/208/52 72/207/52 70/206/52 69/205/52
f 70/212/53 65/211/53 66/210/53 69/209/53
f 71/216/54 68/215/54 67/214/54 72/213/54
o cube
v 0.22356162990143136 -0.031250000000000014 -0.392598931646692
v 0.2855269337372945 -0.03125000000000003 -0.3844410446329386
v 0.23509862435658874 -0.11963834764831845 -0.48023110472793923
v 0.29706392819245186 -0.11963834764831846 -0.47207321771418587
v 0.2970639281924519 0.057138347648318405 -0.4720732177141858
v 0.23509862435658876 0.05713834764831842 -0.48023110472793923
v 0.3086009226476093 -0.031250000000000014 -0.559705390795433
v 0.24663561881174614 -0.03125 -0.5678632778091864
vt 0.0078125 0.9921875
vt 0.0234375 0.9921875
vt 0.0234375 0.9765625
vt 0.0078125 0.9765625
vt 0 0.9921875
vt 0.0078125 0.9921875
vt 0.0078125 0.9765625
vt 0 0.9765625
vt 0.03125 0.9921875
vt 0.046875 0.9921875
vt 0.046875 0.9765625
vt 0.03125 0.9765625
vt 0.0234375 0.9921875
vt 0.03125 0.9921875
vt 0.03125 0.9765625
vt 0.0234375 0.9765625
vt 0.0234375 0.9921875
vt 0.0078125 0.9921875
vt 0.0078125 1
vt 0.0234375 1
vt 0.0390625 1
vt 0.0234375 1
vt 0.0234375 0.9921875
vt 0.0390625 0.9921875
vn 0.99144486137381 -2.3592239273284576e-16 0.13052619222005424
vn -0.0922959556412593 -0.7071067811865476 0.7010573846499776
vn -0.99144486137381 2.3592239273284576e-16 -0.13052619222005424
vn 0.0922959556412593 0.7071067811865476 -0.7010573846499776
vn -0.09229595564125898 0.7071067811865475 0.7010573846499777
vn 0.09229595564125898 -0.7071067811865475 -0.7010573846499777
usemtl m_3447c0f6-8bd9-7d5c-a6d3-c6415761a2ae
f 76/220/55 79/219/55 77/218/55 74/217/55
f 75/224/56 76/223/56 74/222/56 73/221/56
f 80/228/57 75/227/57 73/226/57 78/225/57
f 79/232/58 80/231/58 78/230/58 77/229/58
f 78/236/59 73/235/59 74/234/59 77/233/59
f 79/240/60 76/239/60 75/238/60 80/237/60
o cube
v 0.11554868343666026 1.875 -0.0312687813546743
v 0.175919047579727 1.875 -0.015092591035766673
v 0.1155486834366601 1.1875 -0.03126878135467433
v 0.17591904757972684 1.1875 -0.015092591035766696
v 0.33768095076880333 1.875 -0.6187962324664341
v 0.2773105866257366 1.875 -0.6349724227853417
v 0.3376809507688031 1.1875 -0.6187962324664341
v 0.2773105866257364 1.1875 -0.6349724227853417
vt 0.2890625 0.53125
vt 0.3671875 0.53125
vt 0.3671875 0.4453125
vt 0.2890625 0.4453125
vt 0.28125 0.53125
vt 0.2890625 0.53125
vt 0.2890625 0.4453125
vt 0.28125 0.4453125
vt 0.375 0.53125
vt 0.453125 0.53125
vt 0.453125 0.4453125
vt 0.375 0.4453125
vt 0.3671875 0.53125
vt 0.375 0.53125
vt 0.375 0.4453125
vt 0.3671875 0.4453125
vt 0.3671875 0.53125
vt 0.2890625 0.53125
vt 0.2890625 0.5390625
vt 0.3671875 0.5390625
vt 0.4453125 0.5390625
vt 0.3671875 0.5390625
vt 0.3671875 0.53125
vt 0.4453125 0.53125
vn 0.965925826289068 -2.407564770526022e-16 0.2588190451025221
vn -0.2588190451025221 3.16961915143178e-17 0.965925826289068
vn -0.965925826289068 2.407564770526022e-16 -0.2588190451025221
vn 0.2588190451025221 -3.16961915143178e-17 -0.965925826289068
vn 2.4075647705260226e-16 1 3.1696191514317803e-17
vn -2.4075647705260226e-16 -1 -3.1696191514317803e-17
usemtl m_3447c0f6-8bd9-7d5c-a6d3-c6415761a2ae
f 84/244/61 87/243/61 85/242/61 82/241/61
f 83/248/62 84/247/62 82/246/62 81/245/62
f 88/252/63 83/251/63 81/250/63 86/249/63
f 87/256/64 88/255/64 86/254/64 85/253/64
f 86/260/65 81/259/65 82/258/65 85/257/65
f 87/264/66 84/263/66 83/262/66 88/261/66
o cube
v 0.2743638872350066 1.5625 -0.3824937343722399
v 0.33473425137807333 1.5625 -0.3663175440533322
v 0.2972404749715341 1.4741116523516815 -0.4678703221087672
v 0.35761083911460084 1.4741116523516815 -0.4516941317898596
v 0.3576108391146009 1.6508883476483185 -0.4516941317898596
v 0.29724047497153416 1.6508883476483185 -0.4678703221087672
v 0.3804874268511284 1.5625 -0.537070719526387
v 0.3201170627080617 1.5625 -0.5532469098452946
vt 0.0078125 0.8515625
vt 0.0234375 0.8515625
vt 0.0234375 0.8359375
vt 0.0078125 0.8359375
vt 0 0.8515625
vt 0.0078125 0.8515625
vt 0.0078125 0.8359375
vt 0 0.8359375
vt 0.03125 0.8515625
vt 0.046875 0.8515625
vt 0.046875 0.8359375
vt 0.03125 0.8359375
vt 0.0234375 0.8515625
vt 0.03125 0.8515625
vt 0.03125 0.8359375
vt 0.0234375 0.8359375
vt 0.0234375 0.8515625
vt 0.0078125 0.8515625
vt 0.0078125 0.859375
vt 0.0234375 0.859375
vt 0.0390625 0.859375
vt 0.0234375 0.859375
vt 0.0234375 0.8515625
vt 0.0390625 0.8515625
vn 0.965925826289068 -2.2204460492503136e-16 0.2588190451025221
vn -0.18301270189222046 -0.7071067811865475 0.6830127018922191
vn -0.965925826289068 2.2204460492503136e-16 -0.2588190451025221
vn 0.18301270189222046 0.7071067811865475 -0.6830127018922191
vn -0.18301270189222016 0.7071067811865475 0.6830127018922192
vn 0.18301270189222016 -0.7071067811865475 -0.6830127018922192
usemtl m_3447c0f6-8bd9-7d5c-a6d3-c6415761a2ae
f 92/268/67 95/267/67 93/266/67 90/265/67
f 91/272/68 92/271/68 90/270/68 89/269/68
f 96/276/69 91/275/69 89/274/69 94/273/69
f 95/280/70 96/279/70 94/278/70 93/277/70
f 94/284/71 89/283/71 90/282/71 93/281/71
f 95/288/72 92/287/72 91/286/72 96/285/72
o cube
v -1.3415137665584491 1.875 -0.578694949084252
v -1.3981580032482397 1.875 -0.5522813077254582
v -1.3415137665584491 1.1875 -0.578694949084252
v -1.3981580032482397 1.1875 -0.5522813077254582
v -1.1340215896603014 1.875 0.014161059172447659
v -1.0773773529705108 1.875 -0.012252582186346159
v -1.1340215896603016 1.1875 0.014161059172447624
v -1.0773773529705108 1.1875 -0.012252582186346193
vt 0.4453125 0.9921875
vt 0.5234375 0.9921875
vt 0.5234375 0.90625
vt 0.4453125 0.90625
vt 0.4375 0.9921875
vt 0.4453125 0.9921875
vt 0.4453125 0.90625
vt 0.4375 0.90625
vt 0.53125 0.9921875
vt 0.609375 0.9921875
vt 0.609375 0.90625
vt 0.53125 0.90625
vt 0.5234375 0.9921875
vt 0.53125 0.9921875
vt 0.53125 0.90625
vt 0.5234375 0.90625
vt 0.5234375 0.9921875
vt 0.4453125 0.9921875
vt 0.4453125 1
vt 0.5234375 1
vt 0.6015625 1
vt 0.5234375 1
vt 0.5234375 0.9921875
vt 0.6015625 0.9921875
vn -0.9063077870366493 -1.1473986871059968e-17 0.42261826174070105
vn -0.42261826174070105 5.1755810150196767e-17 -0.9063077870366493
vn 0.9063077870366493 1.1473986871059968e-17 -0.42261826174070105
vn 0.42261826174070105 -5.1755810150196767e-17 0.9063077870366493
vn 1.1473986871059968e-17 1 5.1755810150196767e-17
vn -1.1473986871059968e-17 -1 -5.1755810150196767e-17
usemtl m_3447c0f6-8bd9-7d5c-a6d3-c6415761a2ae
f 100/292/73 103/291/73 101/290/73 98/289/73
f 99/296/74 100/295/74 98/294/74 97/293/74
f 104/300/75 99/299/75 97/298/75 102/297/75
f 103/304/76 104/303/76 102/302/76 101/301/76
f 102/308/77 97/307/77 98/306/77 101/305/77
f 103/312/78 100/311/78 99/310/78 104/309/78
o cube
v -1.3694784296925202 1.5625 -0.4907777637579552
v -1.4261226663823108 1.5625 -0.46436412239916136
v -1.332123899851255 1.4741116523516815 -0.4106707160009817
v -1.3887681365410456 1.4741116523516815 -0.3842570746421879
v -1.3887681365410456 1.6508883476483185 -0.3842570746421879
v -1.332123899851255 1.6508883476483185 -0.4106707160009817
v -1.3514136066997806 1.5625 -0.30415002688521436
v -1.2947693700099898 1.5625 -0.3305636682440082
vt 0.0078125 0.96875
vt 0.0234375 0.96875
vt 0.0234375 0.953125
vt 0.0078125 0.953125
vt 0 0.96875
vt 0.0078125 0.96875
vt 0.0078125 0.953125
vt 0 0.953125
vt 0.03125 0.96875
vt 0.046875 0.96875
vt 0.046875 0.953125
vt 0.03125 0.953125
vt 0.0234375 0.96875
vt 0.03125 0.96875
vt 0.03125 0.953125
vt 0.0234375 0.953125
vt 0.0234375 0.96875
vt 0.0078125 0.96875
vt 0.0078125 0.9765625
vt 0.0234375 0.9765625
vt 0.0390625 0.9765625
vt 0.0234375 0.9765625
vt 0.0234375 0.96875
vt 0.0390625 0.96875
vn -0.9063077870366494 0 0.42261826174070116
vn -0.29883623873012094 -0.7071067811865477 -0.640856382055788
vn 0.9063077870366494 0 -0.42261826174070116
vn 0.29883623873012094 0.7071067811865477 0.640856382055788
vn -0.298836238730121 0.7071067811865475 -0.6408563820557881
vn 0.298836238730121 -0.7071067811865475 0.6408563820557881
usemtl m_3447c0f6-8bd9-7d5c-a6d3-c6415761a2ae
f 108/316/79 111/315/79 109/314/79 106/313/79
f 107/320/80 108/319/80 106/318/80 105/317/80
f 112/324/81 107/323/81 105/322/81 110/321/81
f 111/328/82 112/327/82 110/326/82 109/325/82
f 110/332/83 105/331/83 106/330/83 109/329/83
f 111/336/84 108/335/84 107/334/84 112/333/84