# Made in Blockbench 4.12.4
mtllib ban.mtl

o base1
v 0.125 0.5 0.125
v 0.125 0.5 -0.125
v 0.125 -0.5 0.125
v 0.125 -0.5 -0.125
v -0.125 0.5 -0.125
v -0.125 0.5 0.125
v -0.125 -0.5 -0.125
v -0.125 -0.5 0.125
vt 0 1
vt 0.125 1
vt 0.125 0.75
vt 0 0.75
vt 0 1
vt 0.125 1
vt 0.125 0.75
vt 0 0.75
vt 0 1
vt 0.125 1
vt 0.125 0.75
vt 0 0.75
vt 0 1
vt 0.125 1
vt 0.125 0.75
vt 0 0.75
vt 0.125 1
vt 0.25 1
vt 0.25 0.9375
vt 0.125 0.9375
vt 0.125 1
vt 0.25 1
vt 0.25 0.9375
vt 0.125 0.9375
vn 0 0 -1
vn 1 0 0
vn 0 0 1
vn -1 0 0
vn 0 1 0
vn 0 -1 0
usemtl m_cf494e36-3ca7-6293-d438-e469d4f77dd3
f 4/4/1 7/3/1 5/2/1 2/1/1
f 3/8/2 4/7/2 2/6/2 1/5/2
f 8/12/3 3/11/3 1/10/3 6/9/3
f 7/16/4 8/15/4 6/14/4 5/13/4
f 6/20/5 1/19/5 2/18/5 5/17/5
f 7/24/6 4/23/6 3/22/6 8/21/6
o base2
v 0.09375 1.5 0.09375
v 0.09375 1.5 -0.09375
v 0.09375 0.5 0.09375
v 0.09375 0.5 -0.09375
v -0.09375 1.5 -0.09375
v -0.09375 1.5 0.09375
v -0.09375 0.5 -0.09375
v -0.09375 0.5 0.09375
vt 0 1
vt 0.09375 1
vt 0.09375 0.75
vt 0 0.75
vt 0 1
vt 0.09375 1
vt 0.09375 0.75
vt 0 0.75
vt 0 1
vt 0.09375 1
vt 0.09375 0.75
vt 0 0.75
vt 0 1
vt 0.09375 1
vt 0.09375 0.75
vt 0 0.75
vt 0.125 1
vt 0.21875 1
vt 0.21875 0.953125
vt 0.125 0.953125
vt 0.125 1
vt 0.21875 1
vt 0.21875 0.953125
vt 0.125 0.953125
vn 0 0 -1
vn 1 0 0
vn 0 0 1
vn -1 0 0
vn 0 1 0
vn 0 -1 0
usemtl m_cf494e36-3ca7-6293-d438-e469d4f77dd3
f 12/28/7 15/27/7 13/26/7 10/25/7
f 11/32/8 12/31/8 10/30/8 9/29/8
f 16/36/9 11/35/9 9/34/9 14/33/9
f 15/40/10 16/39/10 14/38/10 13/37/10
f 14/44/11 9/43/11 10/42/11 13/41/11
f 15/48/12 12/47/12 11/46/12 16/45/12
o base3
v 0.0625 2.1875 0.0625
v 0.0625 2.1875 -0.0625
v 0.0625 1.4375 0.0625
v 0.0625 1.4375 -0.0625
v -0.0625 2.1875 -0.0625
v -0.0625 2.1875 0.0625
v -0.0625 1.4375 -0.0625
v -0.0625 1.4375 0.0625
vt 0 1
vt 0.0625 1
vt 0.0625 0.8125
vt 0 0.8125
vt 0 1
vt 0.0625 1
vt 0.0625 0.8125
vt 0 0.8125
vt 0 1
vt 0.0625 1
vt 0.0625 0.8125
vt 0 0.8125
vt 0 1
vt 0.0625 1
vt 0.0625 0.8125
vt 0 0.8125
vt 0.125 1
vt 0.1875 1
vt 0.1875 0.96875
vt 0.125 0.96875
vt 0.125 1
vt 0.1875 1
vt 0.1875 0.96875
vt 0.125 0.96875
vn 0 0 -1
vn 1 0 0
vn 0 0 1
vn -1 0 0
vn 0 1 0
vn 0 -1 0
usemtl m_cf494e36-3ca7-6293-d438-e469d4f77dd3
f 20/52/13 23/51/13 21/50/13 18/49/13
f 19/56/14 20/55/14 18/54/14 17/53/14
f 24/60/15 19/59/15 17/58/15 22/57/15
f 23/64/16 24/63/16 22/62/16 21/61/16
f 22/68/17 17/67/17 18/66/17 21/65/17
f 23/72/18 20/71/18 19/70/18 24/69/18
o stem1
v 0.33952784292165433 2.180871288757645 0.03125
v 0.33952784292165433 2.180871288757645 -0.03125
v 0.024254741101338437 1.7927954311362302 0.03125
v 0.024254741101338437 1.7927954311362302 -0.03125
v 0.2910183607189774 2.2202804264851848 -0.03125
v 0.2910183607189774 2.2202804264851848 0.03125
v -0.024254741101338437 1.8322045688637698 -0.03125
v -0.024254741101338437 1.8322045688637698 0.03125
vt 0.71875 1
vt 0.75 1
vt 0.75 0.875
vt 0.71875 0.875
vt 0.71875 1
vt 0.75 1
vt 0.75 0.875
vt 0.71875 0.875
vt 0.71875 1
vt 0.75 1
vt 0.75 0.875
vt 0.71875 0.875
vt 0.71875 1
vt 0.75 1
vt 0.75 0.875
vt 0.71875 0.875
vt 0.71875 1
vt 0.75 1
vt 0.75 0.984375
vt 0.71875 0.984375
vt 0.71875 1
vt 0.75 1
vt 0.75 0.984375
vt 0.71875 0.984375
vn 0 0 -1
vn 0.77615171524283 -0.6305462036406317 0
vn 0 0 1
vn -0.77615171524283 0.6305462036406317 0
vn 0.6305462036406317 0.77615171524283 0
vn -0.6305462036406317 -0.77615171524283 0
usemtl m_cf494e36-3ca7-6293-d438-e469d4f77dd3
f 28/76/19 31/75/19 29/74/19 26/73/19
f 27/80/20 28/79/20 26/78/20 25/77/20
f 32/84/21 27/83/21 25/82/21 30/81/21
f 31/88/22 32/87/22 30/86/22 29/85/22
f 30/92/23 25/91/23 26/90/23 29/89/23
f 31/96/24 28/95/24 27/94/24 32/93/24
o stem2
v 0.5262763424806451 2.0541723653716373 0.03125
v 0.5262763424806451 2.0541723653716373 -0.03125
v 0.2993793910375951 2.159137947472868 0.03125
v 0.2993793910375951 2.159137947472868 -0.03125
v 0.5525177380059528 2.1108966032324 -0.03125
v 0.5525177380059528 2.1108966032324 0.03125
v 0.3256207865629028 2.21586218533363 -0.03125
v 0.3256207865629028 2.21586218533363 0.03125
vt 0.71875 0.953125
vt 0.75 0.953125
vt 0.75 0.890625
vt 0.71875 0.890625
vt 0.71875 0.953125
vt 0.75 0.953125
vt 0.75 0.890625
vt 0.71875 0.890625
vt 0.71875 0.953125
vt 0.75 0.953125
vt 0.75 0.890625
vt 0.71875 0.890625
vt 0.71875 0.953125
vt 0.75 0.953125
vt 0.75 0.890625
vt 0.71875 0.890625
vt 0.71875 0.953125
vt 0.75 0.953125
vt 0.75 0.9375
vt 0.71875 0.9375
vt 0.71875 0.953125
vt 0.75 0.953125
vt 0.75 0.9375
vt 0.71875 0.9375
vn 0 0 -1
vn -0.4198623284049225 -0.9075878057722002 0
vn 0 0 1
vn 0.4198623284049225 0.9075878057722002 0
vn 0.9075878057722002 -0.4198623284049225 0
vn -0.9075878057722002 0.4198623284049225 0
usemtl m_cf494e36-3ca7-6293-d438-e469d4f77dd3
f 36/100/25 39/99/25 37/98/25 34/97/25
f 35/104/26 36/103/26 34/102/26 33/101/26
f 40/108/27 35/107/27 33/106/27 38/105/27
f 39/112/28 40/111/28 38/110/28 37/109/28
f 38/116/29 33/115/29 34/114/29 37/113/29
f 39/120/30 36/119/30 35/118/30 40/117/30
o stem3
v 0.511958912896758 2.0851555926105276 0.03125
v 0.511958912896758 2.0851555926105276 -0.03125
v 0.5339865678553376 1.5856410458583579 0.03125
v 0.5339865678553376 1.5856410458583579 -0.03125
v 0.4495195945527367 2.0824021357407054 -0.03125
v 0.4495195945527367 2.0824021357407054 0.03125
v 0.4715472495113164 1.5828875889885352 -0.03125
v 0.4715472495113164 1.5828875889885352 0.03125
vt 0.71875 1
vt 0.75 1
vt 0.75 0.875
vt 0.71875 0.875
vt 0.71875 1
vt 0.75 1
vt 0.75 0.875
vt 0.71875 0.875
vt 0.71875 1
vt 0.75 1
vt 0.75 0.875
vt 0.71875 0.875
vt 0.71875 1
vt 0.75 1
vt 0.75 0.875
vt 0.71875 0.875
vt 0.71875 1
vt 0.75 1
vt 0.75 0.984375
vt 0.71875 0.984375
vt 0.71875 1
vt 0.75 1
vt 0.75 0.984375
vt 0.71875 0.984375
vn 0 0 -1
vn 0.9990290935043399 0.04405530991715928 0
vn 0 0 1
vn -0.9990290935043399 -0.04405530991715928 0
vn -0.04405530991715928 0.9990290935043399 0
vn 0.04405530991715928 -0.9990290935043399 0
usemtl m_cf494e36-3ca7-6293-d438-e469d4f77dd3
f 44/124/31 47/123/31 45/122/31 42/121/31
f 43/128/32 44/127/32 42/126/32 41/125/32
f 48/132/33 43/131/33 41/130/33 46/129/33
f 47/136/34 48/135/34 46/134/34 45/133/34
f 46/140/35 41/139/35 42/138/35 45/137/35
f 47/144/36 44/143/36 43/142/36 48/141/36
o polpa
v 0.5624999942796689 1.5937500002493048 0.0625
v 0.5624999942796689 1.5937500002493048 -0.0625
v 0.5624999783425707 1.3437500002493052 0.0625
v 0.5624999783425707 1.3437500002493052 -0.0625
v 0.4374999942796692 1.5937500082178537 -0.0625
v 0.4374999942796692 1.5937500082178537 0.0625
v 0.4374999783425709 1.3437500082178544 -0.0625
v 0.4374999783425709 1.3437500082178544 0.0625
vt 0.9375 0.828125
vt 1 0.828125
vt 1 0.765625
vt 0.9375 0.765625
vt 0.875 0.828125
vt 0.9375 0.828125
vt 0.9375 0.765625
vt 0.875 0.765625
vt 0.8125 0.828125
vt 0.875 0.828125
vt 0.875 0.765625
vt 0.8125 0.765625
vt 0.75 0.828125
vt 0.8125 0.828125
vt 0.8125 0.765625
vt 0.75 0.765625
vt 0.8125 0.859375
vt 0.875 0.859375
vt 0.875 0.828125
vt 0.8125 0.828125
vt 0.875 0.859375
vt 0.9375 0.859375
vt 0.9375 0.828125
vt 0.875 0.828125
vn 0 0 -1
vn 0.999999999999998 -6.374839309208902e-8 0
vn 0 0 1
vn -0.999999999999998 6.374839309208902e-8 0
vn 6.374839309208902e-8 0.999999999999998 0
vn -6.374839309208902e-8 -0.999999999999998 0
usemtl m_cf494e36-3ca7-6293-d438-e469d4f77dd3
f 52/148/37 55/147/37 53/146/37 50/145/37
f 51/152/38 52/151/38 50/150/38 49/149/38
f 56/156/39 51/155/39 49/154/39 54/153/39
f 55/160/40 56/159/40 54/158/40 53/157/40
f 54/164/41 49/163/41 50/162/41 53/161/41
f 55/168/42 52/167/42 51/166/42 56/165/42
o polpa
v 0.5937499933479248 1.5624999961502748 0.09375
v 0.5937499933479248 1.5624999961502748 -0.09375
v 0.5937499853793756 1.437499996150275 0.09375
v 0.5937499853793756 1.437499996150275 -0.09375
v 0.4062499933479252 1.5625000081030984 -0.09375
v 0.4062499933479252 1.5625000081030984 0.09375
v 0.40624998537937607 1.4375000081030986 -0.09375
v 0.40624998537937607 1.4375000081030986 0.09375
vt 0.625 0.796875
vt 0.71875 0.796875
vt 0.71875 0.765625
vt 0.625 0.765625
vt 0.53125 0.796875
vt 0.625 0.796875
vt 0.625 0.765625
vt 0.53125 0.765625
vt 0.4375 0.796875
vt 0.53125 0.796875
vt 0.53125 0.765625
vt 0.4375 0.765625
vt 0.34375 0.796875
vt 0.4375 0.796875
vt 0.4375 0.765625
vt 0.34375 0.765625
vt 0.4375 0.84375
vt 0.53125 0.84375
vt 0.53125 0.796875
vt 0.4375 0.796875
vt 0.53125 0.84375
vt 0.625 0.84375
vt 0.625 0.796875
vt 0.53125 0.796875
vn 0 0 -1
vn 0.999999999999998 -6.374839309208902e-8 0
vn 0 0 1
vn -0.999999999999998 6.374839309208902e-8 0
vn 6.374839309208902e-8 0.999999999999998 0
vn -6.374839309208902e-8 -0.999999999999998 0
usemtl m_cf494e36-3ca7-6293-d438-e469d4f77dd3
f 60/172/43 63/171/43 61/170/43 58/169/43
f 59/176/44 60/175/44 58/174/44 57/173/44
f 64/180/45 59/179/45 57/178/45 62/177/45
f 63/184/46 64/183/46 62/182/46 61/181/46
f 62/188/47 57/187/47 58/186/47 61/185/47
f 63/192/48 60/191/48 59/190/48 64/189/48
o folha
v 0.48211598215965856 2.052559205003606 0.1875
v 0.48211598215965856 2.052559205003606 -0.1875
v 0.5013901802484158 1.6154839765954572 0.1875
v 0.5013901802484158 1.6154839765954572 -0.1875
v 0.48211598215965856 2.052559205003606 -0.1875
v 0.48211598215965856 2.052559205003606 0.1875
v 0.5013901802484158 1.6154839765954572 -0.1875
v 0.5013901802484158 1.6154839765954572 0.1875
vt 0.6875 1
vt 0.6875 1
vt 0.6875 0.890625
vt 0.6875 0.890625
vt 0.5 1
vt 0.6875 1
vt 0.6875 0.890625
vt 0.5 0.890625
vt 0.5 1
vt 0.5 1
vt 0.5 0.890625
vt 0.5 0.890625
vt 0.3125 1
vt 0.5 1
vt 0.5 0.890625
vt 0.3125 0.890625
vt 0.5 1.09375
vt 0.5 1.09375
vt 0.5 1
vt 0.5 1
vt 0.5 1.09375
vt 0.5 1.09375
vt 0.5 1
vt 0.5 1
vn 0 0 -1
vn 0.9990290935043399 0.04405530991715928 0
vn 0 0 1
vn -0.9990290935043399 -0.04405530991715928 0
vn -0.04405530991715928 0.9990290935043399 0
vn 0.04405530991715928 -0.9990290935043399 0
usemtl m_cf494e36-3ca7-6293-d438-e469d4f77dd3
f 68/196/49 71/195/49 69/194/49 66/193/49
f 67/200/50 68/199/50 66/198/50 65/197/50
f 72/204/51 67/203/51 65/202/51 70/201/51
f 71/208/52 72/207/52 70/206/52 69/205/52
f 70/212/53 65/211/53 66/210/53 69/209/53
f 71/216/54 68/215/54 67/214/54 72/213/54
o folha
v 0.6694339518124918 2.0608195735078527 0.00004905807071856755
v 0.29479805457160524 2.0442988328543987 -0.00004905807071856755
v 0.688708149901249 1.6237443450997038 0.00004905807071856755
v 0.3140722526603624 1.60722360444625 -0.00004905807071856755
v 0.29479805457160524 2.0442988328543987 -0.00004905807071856755
v 0.6694339518124918 2.0608195735078527 0.00004905807071856755
v 0.3140722526603624 1.60722360444625 -0.00004905807071856755
v 0.688708149901249 1.6237443450997038 0.00004905807071856755
vt 0.6875 1
vt 0.6875 1
vt 0.6875 0.890625
vt 0.6875 0.890625
vt 0.5 1
vt 0.6875 1
vt 0.6875 0.890625
vt 0.5 0.890625
vt 0.5 1
vt 0.5 1
vt 0.5 0.890625
vt 0.5 0.890625
vt 0.3125 1
vt 0.5 1
vt 0.5 0.890625
vt 0.3125 0.890625
vt 0.5 1.09375
vt 0.5 1.09375
vt 0.5 1
vt 0.5 1
vt 0.5 1.09375
vt 0.5 1.09375
vt 0.5 1
vt 0.5 1
vn -0.9990290593090309 -0.044055308409210264 -0.00026164304383236026
vn 0.0002613890129015591 0.000011526765383703522 -0.9999999657714582
vn 0.9990290593090309 0.044055308409210264 0.00026164304383236026
vn -0.0002613890129015591 -0.000011526765383703522 0.9999999657714582
vn -0.04405530991715928 0.9990290935043399 1.6940658945086007e-21
vn 0.04405530991715928 -0.9990290935043399 -1.6940658945086007e-21
usemtl m_cf494e36-3ca7-6293-d438-e469d4f77dd3
f 76/220/55 79/219/55 77/218/55 74/217/55
f 75/224/56 76/223/56 74/222/56 73/221/56
f 80/228/57 75/227/57 73/226/57 78/225/57
f 79/232/58 80/231/58 78/230/58 77/229/58
f 78/236/59 73/235/59 74/234/59 77/233/59
f 79/240/60 76/239/60 75/238/60 80/237/60
o folha_seca1
v 0.025095355393724084 1.758742584977113 0.07894240996875582
v 0.025095355393724084 1.758742584977113 0.07894240996875582
v 0.025095374785100818 1.2069003343713494 0.3723621271766576
v 0.025095374785100818 1.2069003343713494 0.3723621271766576
v -0.22585819854351677 1.6713167352059826 -0.08548168971880235
v -0.22585819854351677 1.6713167352059826 -0.08548168971880235
v -0.22585817915214004 1.1194744846002187 0.20793802748909948
v -0.22585817915214004 1.1194744846002187 0.20793802748909948
vt 0.84375 0.5625
vt 1 0.5625
vt 1 0.40625
vt 0.84375 0.40625
vt 0.84375 0.5625
vt 0.84375 0.5625
vt 0.84375 0.40625
vt 0.84375 0.40625
vt 0.6875 0.5625
vt 0.84375 0.5625
vt 0.84375 0.40625
vt 0.6875 0.40625
vt 0.6875 0.5625
vt 0.6875 0.5625
vt 0.6875 0.40625
vt 0.6875 0.40625
vt 0.6875 0.5625
vt 0.84375 0.5625
vt 0.84375 0.5625
vt 0.6875 0.5625
vt 0.84375 0.5625
vt 1 0.5625
vt 1 0.5625
vt 0.84375 0.5625
vn 0.5959098027106007 -0.3770097543176883 -0.7090522915714534
vn 0.8030513725991708 0.27976271926761787 0.5261571190001861
vn -0.5959098027106007 0.3770097543176883 0.7090522915714534
vn -0.8030513725991708 -0.27976271926761787 -0.5261571190001861
vn -3.102620277362078e-8 0.8829476009692221 -0.469471547532643
vn 3.102620277362078e-8 -0.8829476009692221 0.469471547532643
usemtl m_cf494e36-3ca7-6293-d438-e469d4f77dd3
f 84/244/61 87/243/61 85/242/61 82/241/61
f 83/248/62 84/247/62 82/246/62 81/245/62
f 88/252/63 83/251/63 81/250/63 86/249/63
f 87/256/64 88/255/64 86/254/64 85/253/64
f 86/260/65 81/259/65 82/258/65 85/257/65
f 87/264/66 84/263/66 83/262/66 88/261/66
o folha_seca2
v 0.026114044307981494 1.2011383531480524 0.3728234137708695
v 0.026114044307981494 1.2011383531480524 0.3728234137708695
v 0.02611404365338599 0.7702849578527688 0.44879447248750215
v 0.02611404365338599 0.7702849578527688 0.44879447248750215
v -0.23502634320996565 1.171332548884027 0.20378625206034218
v -0.23502634320996565 1.171332548884027 0.20378625206034218
v -0.23502634386456114 0.7404791535887432 0.2797573107769748
v -0.23502634386456114 0.7404791535887432 0.2797573107769748
vt 0.84375 0.375
vt 1 0.375
vt 1 0.265625
vt 0.84375 0.265625
vt 0.84375 0.375
vt 0.84375 0.375
vt 0.84375 0.265625
vt 0.84375 0.265625
vt 0.6875 0.375
vt 0.84375 0.375
vt 0.84375 0.265625
vt 0.6875 0.265625
vt 0.6875 0.375
vt 0.6875 0.375
vt 0.6875 0.265625
vt 0.6875 0.265625
vt 0.6875 0.375
vt 0.84375 0.375
vt 0.84375 0.375
vt 0.6875 0.375
vt 0.84375 0.375
vt 1 0.375
vt 1 0.375
vt 0.84375 0.375
vn 0.5492634591809638 -0.14510893219884707 -0.8229538566679618
vn 0.8356492400574309 0.09537857364488192 0.5409189174736876
vn -0.5492634591809638 0.14510893219884707 0.8229538566679618
vn -0.8356492400574309 -0.09537857364488192 -0.5409189174736876
vn 1.49621821876611e-9 0.9848077606749341 -0.17364813420944603
vn -1.49621821876611e-9 -0.9848077606749341 0.17364813420944603
usemtl m_cf494e36-3ca7-6293-d438-e469d4f77dd3
f 92/268/67 95/267/67 93/266/67 90/265/67
f 91/272/68 92/271/68 90/270/68 89/269/68
f 96/276/69 91/275/69 89/274/69 94/273/69
f 95/280/70 96/279/70 94/278/70 93/277/70
f 94/284/71 89/283/71 90/282/71 93/281/71
f 95/288/72 92/287/72 91/286/72 96/285/72
o folha_seca3
v 0.026157221692257062 0.7659892703789224 0.44893873045819044
v 0.026157221692257062 0.7659892703789224 0.44893873045819044
v 0.02547008941281654 0.1427612141725647 0.40191407940711216
v 0.02547008941281654 0.1427612141725647 0.40191407940711216
v -0.23541480141662344 0.779140936700274 0.2784589357618714
v -0.23541480141662344 0.779140936700274 0.2784589357618714
v -0.23610193369606397 0.15591288049391627 0.2314342847107931
v -0.23610193369606397 0.15591288049391627 0.2314342847107931
vt 0.84375 0.265625
vt 1 0.265625
vt 1 0.109375
vt 0.84375 0.109375
vt 0.84375 0.265625
vt 0.84375 0.265625
vt 0.84375 0.109375
vt 0.84375 0.109375
vt 0.6875 0.265625
vt 0.84375 0.265625
vt 0.84375 0.109375
vt 0.6875 0.109375
vt 0.6875 0.265625
vt 0.6875 0.265625
vt 0.6875 0.109375
vt 0.6875 0.109375
vt 0.6875 0.265625
vt 0.84375 0.265625
vt 0.84375 0.265625
vt 0.6875 0.265625
vt 0.84375 0.265625
vt 1 0.265625
vt 1 0.265625
vt 0.84375 0.265625
vn 0.5471551671836039 0.062377937620436315 -0.834703669527398
vn 0.8370304739484177 -0.04208533222832499 0.5455353430282209
vn -0.5471551671836039 -0.062377937620436315 0.834703669527398
vn -0.8370304739484177 0.04208533222832499 -0.5455353430282209
vn 0.001099411647104816 0.9971648899301724 0.07523944168172522
vn -0.001099411647104816 -0.9971648899301724 -0.07523944168172522
usemtl m_cf494e36-3ca7-6293-d438-e469d4f77dd3
f 100/292/73 103/291/73 101/290/73 98/289/73
f 99/296/74 100/295/74 98/294/74 97/293/74
f 104/300/75 99/299/75 97/298/75 102/297/75
f 103/304/76 104/303/76 102/302/76 101/301/76
f 102/308/77 97/307/77 98/306/77 101/305/77
f 103/312/78 100/311/78 99/310/78 104/309/78
o folha_seca1
v 0.033923056789338726 1.755936921509251 0.07366572383413605
v 0.033923056789338726 1.755936921509251 0.07366572383413605
v 0.03392308060881506 1.2040946733621394 0.3670854456660896
v 0.03392308060881506 1.2040946733621394 0.3670854456660896
v 0.31969242192867764 1.6965675799176203 -0.037991793722164
v 0.31969242192867764 1.6965675799176203 -0.037991793722164
v 0.319692445748154 1.1447253317705086 0.25542792810978954
v 0.319692445748154 1.1447253317705086 0.25542792810978954
vt 0.84375 0.5625
vt 1 0.5625
vt 1 0.40625
vt 0.84375 0.40625
vt 0.84375 0.5625
vt 0.84375 0.5625
vt 0.84375 0.40625
vt 0.84375 0.40625
vt 0.6875 0.5625
vt 0.84375 0.5625
vt 0.84375 0.40625
vt 0.6875 0.40625
vt 0.6875 0.5625
vt 0.6875 0.5625
vt 0.6875 0.40625
vt 0.6875 0.40625
vt 0.6875 0.5625
vt 0.84375 0.5625
vt 0.84375 0.5625
vt 0.6875 0.5625
vt 0.84375 0.5625
vt 1 0.5625
vt 1 0.5625
vt 0.84375 0.5625
vn -0.4046718525744986 -0.4293138958689402 -0.8074219903791054
vn 0.9144619684458846 -0.18998189309321872 -0.3573040561801601
vn 0.4046718525744986 0.4293138958689402 0.8074219903791054
vn -0.9144619684458846 0.18998189309321872 0.3573040561801601
vn -3.811116214280652e-8 0.882947597035379 -0.46947155493112575
vn 3.811116214280652e-8 -0.882947597035379 0.46947155493112575
usemtl m_cf494e36-3ca7-6293-d438-e469d4f77dd3
f 108/316/79 111/315/79 109/314/79 106/313/79
f 107/320/80 108/319/80 106/318/80 105/317/80
f 112/324/81 107/323/81 105/322/81 110/321/81
f 111/328/82 112/327/82 110/326/82 109/325/82
f 110/332/83 105/331/83 106/330/83 109/329/83
f 111/336/84 108/335/84 107/334/84 112/333/84
o folha_seca2
v 0.03299079346346849 1.1999435993929468 0.3660477317986592
v 0.03299079346346849 1.1999435993929468 0.3660477317986592
v 0.03299077293789636 0.7690902076512732 0.4420188106688157
v 0.03299077293789636 0.7690902076512732 0.4420188106688157
v 0.328083125152845 1.1820850157741298 0.2647667524922923
v 0.328083125152845 1.1820850157741298 0.2647667524922923
v 0.32808310462727286 0.7512316240324561 0.34073783136244884
v 0.32808310462727286 0.7512316240324561 0.34073783136244884
vt 0.84375 0.375
vt 1 0.375
vt 1 0.265625
vt 0.84375 0.265625
vt 0.84375 0.375
vt 0.84375 0.375
vt 0.84375 0.265625
vt 0.84375 0.265625
vt 0.6875 0.375
vt 0.84375 0.375
vt 0.84375 0.265625
vt 0.6875 0.265625
vt 0.6875 0.375
vt 0.6875 0.375
vt 0.6875 0.265625
vt 0.6875 0.265625
vt 0.6875 0.375
vt 0.84375 0.375
vt 0.84375 0.375
vt 0.6875 0.375
vt 0.84375 0.375
vt 1 0.375
vt 1 0.375
vt 0.84375 0.375
vn -0.32909889329503705 -0.16397517330945438 -0.9299494937737836
vn 0.9442954614060051 -0.05714746758021459 -0.3240991337803738
vn 0.32909889329503705 0.16397517330945438 0.9299494937737836
vn -0.9442954614060051 0.05714746758021459 0.3240991337803738
vn 4.6915593403251674e-8 0.9848077525523968 -0.17364818027464363
vn -4.6915593403251674e-8 -0.9848077525523968 0.17364818027464363
usemtl m_cf494e36-3ca7-6293-d438-e469d4f77dd3
f 116/340/85 119/339/85 117/338/85 114/337/85
f 115/344/86 116/343/86 114/342/86 113/341/86
f 120/348/87 115/347/87 113/346/87 118/345/87
f 119/352/88 120/351/88 118/350/88 117/349/88
f 118/356/89 113/355/89 114/354/89 117/353/89
f 119/360/90 116/359/90 115/358/90 120/357/90
o folha_seca3
v 0.0362672229105453 0.7657825922581896 0.44880479594014666
v 0.0362672229105453 0.7657825922581896 0.44880479594014666
v 0.030249843928700587 0.14422761306816423 0.38354991877164585
v 0.030249843928700587 0.14422761306816423 0.38354991877164585
v 0.29859510214531826 0.7810004941236572 0.27966358499793015
v 0.29859510214531826 0.7810004941236572 0.27966358499793015
v 0.2925777231634735 0.1594455149336319 0.21440870782942933
v 0.2925777231634735 0.1594455149336319 0.21440870782942933
vt 0.84375 0.265625
vt 1 0.265625
vt 1 0.109375
vt 0.84375 0.109375
vt 0.84375 0.265625
vt 0.84375 0.265625
vt 0.84375 0.109375
vt 0.84375 0.109375
vt 0.6875 0.265625
vt 0.84375 0.265625
vt 0.84375 0.109375
vt 0.6875 0.109375
vt 0.6875 0.265625
vt 0.6875 0.265625
vt 0.6875 0.109375
vt 0.6875 0.109375
vt 0.6875 0.265625
vt 0.84375 0.265625
vt 0.84375 0.265625
vt 0.6875 0.265625
vt 0.84375 0.265625
vt 1 0.265625
vt 1 0.265625
vt 0.84375 0.265625
vn -0.5433528533215153 0.09285611676173251 -0.8343532934958064
vn 0.8394492135512736 0.04869728596949656 -0.5412518750150929
vn 0.5433528533215153 -0.09285611676173251 0.8343532934958064
vn -0.8394492135512736 -0.04869728596949656 0.5412518750150929
vn 0.009627806370951451 0.9944879667040405 0.10440780346960118
vn -0.009627806370951451 -0.9944879667040405 -0.10440780346960118
usemtl m_cf494e36-3ca7-6293-d438-e469d4f77dd3
f 124/364/91 127/363/91 125/362/91 122/361/91
f 123/368/92 124/367/92 122/366/92 121/365/92
f 128/372/93 123/371/93 121/370/93 126/369/93
f 127/376/94 128/375/94 126/374/94 125/373/94
f 126/380/95 121/379/95 122/378/95 125/377/95
f 127/384/96 124/383/96 123/382/96 128/381/96
o folha_seca1
v 0.025095355393724084 1.508742584977113 -0.07894240996875582
v 0.025095355393724084 1.508742584977113 -0.07894240996875582
v 0.025095374785100818 0.9569003343713494 -0.3723621271766576
v 0.025095374785100818 0.9569003343713494 -0.3723621271766576
v -0.22585819854351677 1.4213167352059826 0.08548168971880235
v -0.22585819854351677 1.4213167352059826 0.08548168971880235
v -0.22585817915214004 0.8694744846002187 -0.20793802748909948
v -0.22585817915214004 0.8694744846002187 -0.20793802748909948
vt 0.84375 0.5625
vt 1 0.5625
vt 1 0.40625
vt 0.84375 0.40625
vt 0.84375 0.5625
vt 0.84375 0.5625
vt 0.84375 0.40625
vt 0.84375 0.40625
vt 0.6875 0.5625
vt 0.84375 0.5625
vt 0.84375 0.40625
vt 0.6875 0.40625
vt 0.6875 0.5625
vt 0.6875 0.5625
vt 0.6875 0.40625
vt 0.6875 0.40625
vt 0.6875 0.5625
vt 0.84375 0.5625
vt 0.84375 0.5625
vt 0.6875 0.5625
vt 0.84375 0.5625
vt 1 0.5625
vt 1 0.5625
vt 0.84375 0.5625
vn -0.5959098027106007 0.3770097543176883 -0.7090522915714534
vn 0.8030513725991708 0.27976271926761787 -0.5261571190001861
vn 0.5959098027106007 -0.3770097543176883 0.7090522915714534
vn -0.8030513725991708 -0.27976271926761787 0.5261571190001861
vn -3.102620277362078e-8 0.8829476009692221 0.469471547532643
vn 3.102620277362078e-8 -0.8829476009692221 -0.469471547532643
usemtl m_cf494e36-3ca7-6293-d438-e469d4f77dd3
f 132/388/97 135/387/97 133/386/97 130/385/97
f 131/392/98 132/391/98 130/390/98 129/389/98
f 136/396/99 131/395/99 129/394/99 134/393/99
f 135/400/100 136/399/100 134/398/100 133/397/100
f 134/404/101 129/403/101 130/402/101 133/401/101
f 135/408/102 132/407/102 131/406/102 136/405/102
o folha_seca2
v 0.026114044307981494 0.9511383531480524 -0.3728234137708695
v 0.026114044307981494 0.9511383531480524 -0.3728234137708695
v 0.02611404365338599 0.5202849578527686 -0.44879447248750215
v 0.02611404365338599 0.5202849578527686 -0.44879447248750215
v -0.23502634320996565 0.9213325488840267 -0.20378625206034218
v -0.23502634320996565 0.9213325488840267 -0.20378625206034218
v -0.23502634386456114 0.4904791535887431 -0.2797573107769748
v -0.23502634386456114 0.4904791535887431 -0.2797573107769748
vt 0.84375 0.375
vt 1 0.375
vt 1 0.265625
vt 0.84375 0.265625
vt 0.84375 0.375
vt 0.84375 0.375
vt 0.84375 0.265625
vt 0.84375 0.265625
vt 0.6875 0.375
vt 0.84375 0.375
vt 0.84375 0.265625
vt 0.6875 0.265625
vt 0.6875 0.375
vt 0.6875 0.375
vt 0.6875 0.265625
vt 0.6875 0.265625
vt 0.6875 0.375
vt 0.84375 0.375
vt 0.84375 0.375
vt 0.6875 0.375
vt 0.84375 0.375
vt 1 0.375
vt 1 0.375
vt 0.84375 0.375
vn -0.5492634591809638 0.14510893219884707 -0.8229538566679618
vn 0.8356492400574309 0.09537857364488192 -0.5409189174736876
vn 0.5492634591809638 -0.14510893219884707 0.8229538566679618
vn -0.8356492400574309 -0.09537857364488192 0.5409189174736876
vn 1.49621821876611e-9 0.9848077606749341 0.17364813420944603
vn -1.49621821876611e-9 -0.9848077606749341 -0.17364813420944603
usemtl m_cf494e36-3ca7-6293-d438-e469d4f77dd3
f 140/412/103 143/411/103 141/410/103 138/409/103
f 139/416/104 140/415/104 138/414/104 137/413/104
f 144/420/105 139/419/105 137/418/105 142/417/105
f 143/424/106 144/423/106 142/422/106 141/421/106
f 142/428/107 137/427/107 138/426/107 141/425/107
f 143/432/108 140/431/108 139/430/108 144/429/108
o folha_seca3
v 0.026157221692257062 0.5159892703789224 -0.44893873045819044
v 0.026157221692257062 0.5159892703789224 -0.44893873045819044
v 0.02547008941281654 -0.10723878582743529 -0.40191407940711216
v 0.02547008941281654 -0.10723878582743529 -0.40191407940711216
v -0.23541480141662344 0.529140936700274 -0.2784589357618714
v -0.23541480141662344 0.529140936700274 -0.2784589357618714
v -0.23610193369606397 -0.09408711950608373 -0.2314342847107931
v -0.23610193369606397 -0.09408711950608373 -0.2314342847107931
vt 0.84375 0.265625
vt 1 0.265625
vt 1 0.109375
vt 0.84375 0.109375
vt 0.84375 0.265625
vt 0.84375 0.265625
vt 0.84375 0.109375
vt 0.84375 0.109375
vt 0.6875 0.265625
vt 0.84375 0.265625
vt 0.84375 0.109375
vt 0.6875 0.109375
vt 0.6875 0.265625
vt 0.6875 0.265625
vt 0.6875 0.109375
vt 0.6875 0.109375
vt 0.6875 0.265625
vt 0.84375 0.265625
vt 0.84375 0.265625
vt 0.6875 0.265625
vt 0.84375 0.265625
vt 1 0.265625
vt 1 0.265625
vt 0.84375 0.265625
vn -0.5471551671836039 -0.062377937620436315 -0.834703669527398
vn 0.8370304739484177 -0.04208533222832499 -0.5455353430282209
vn 0.5471551671836039 0.062377937620436315 0.834703669527398
vn -0.8370304739484177 0.04208533222832499 0.5455353430282209
vn 0.001099411647104816 0.9971648899301724 -0.07523944168172522
vn -0.001099411647104816 -0.9971648899301724 0.07523944168172522
usemtl m_cf494e36-3ca7-6293-d438-e469d4f77dd3
f 148/436/109 151/435/109 149/434/109 146/433/109
f 147/440/110 148/439/110 146/438/110 145/437/110
f 152/444/111 147/443/111 145/442/111 150/441/111
f 151/448/112 152/447/112 150/446/112 149/445/112
f 150/452/113 145/451/113 146/450/113 149/449/113
f 151/456/114 148/455/114 147/454/114 152/453/114
o folha_seca1
v 0.033923056789338726 1.505936921509251 -0.07366572383413605
v 0.033923056789338726 1.505936921509251 -0.07366572383413605
v 0.03392308060881506 0.9540946733621394 -0.3670854456660896
v 0.03392308060881506 0.9540946733621394 -0.3670854456660896
v 0.31969242192867764 1.4465675799176203 0.037991793722164
v 0.31969242192867764 1.4465675799176203 0.037991793722164
v 0.319692445748154 0.8947253317705085 -0.25542792810978954
v 0.319692445748154 0.8947253317705085 -0.25542792810978954
vt 0.84375 0.5625
vt 1 0.5625
vt 1 0.40625
vt 0.84375 0.40625
vt 0.84375 0.5625
vt 0.84375 0.5625
vt 0.84375 0.40625
vt 0.84375 0.40625
vt 0.6875 0.5625
vt 0.84375 0.5625
vt 0.84375 0.40625
vt 0.6875 0.40625
vt 0.6875 0.5625
vt 0.6875 0.5625
vt 0.6875 0.40625
vt 0.6875 0.40625
vt 0.6875 0.5625
vt 0.84375 0.5625
vt 0.84375 0.5625
vt 0.6875 0.5625
vt 0.84375 0.5625
vt 1 0.5625
vt 1 0.5625
vt 0.84375 0.5625
vn 0.4046718525744986 0.4293138958689402 -0.8074219903791054
vn 0.9144619684458846 -0.18998189309321872 0.3573040561801601
vn -0.4046718525744986 -0.4293138958689402 0.8074219903791054
vn -0.9144619684458846 0.18998189309321872 -0.3573040561801601
vn -3.811116214280652e-8 0.882947597035379 0.46947155493112575
vn 3.811116214280652e-8 -0.882947597035379 -0.46947155493112575
usemtl m_cf494e36-3ca7-6293-d438-e469d4f77dd3
f 156/460/115 159/459/115 157/458/115 154/457/115
f 155/464/116 156/463/116 154/462/116 153/461/116
f 160/468/117 155/467/117 153/466/117 158/465/117
f 159/472/118 160/471/118 158/470/118 157/469/118
f 158/476/119 153/475/119 154/474/119 157/473/119
f 159/480/120 156/479/120 155/478/120 160/477/120
o folha_seca2
v 0.03299079346346849 0.9499435993929467 -0.3660477317986592
v 0.03299079346346849 0.9499435993929467 -0.3660477317986592
v 0.03299077293789636 0.5190902076512731 -0.4420188106688157
v 0.03299077293789636 0.5190902076512731 -0.4420188106688157
v 0.328083125152845 0.9320850157741296 -0.2647667524922923
v 0.328083125152845 0.9320850157741296 -0.2647667524922923
v 0.32808310462727286 0.501231624032456 -0.34073783136244884
v 0.32808310462727286 0.501231624032456 -0.34073783136244884
vt 0.84375 0.375
vt 1 0.375
vt 1 0.265625
vt 0.84375 0.265625
vt 0.84375 0.375
vt 0.84375 0.375
vt 0.84375 0.265625
vt 0.84375 0.265625
vt 0.6875 0.375
vt 0.84375 0.375
vt 0.84375 0.265625
vt 0.6875 0.265625
vt 0.6875 0.375
vt 0.6875 0.375
vt 0.6875 0.265625
vt 0.6875 0.265625
vt 0.6875 0.375
vt 0.84375 0.375
vt 0.84375 0.375
vt 0.6875 0.375
vt 0.84375 0.375
vt 1 0.375
vt 1 0.375
vt 0.84375 0.375
vn 0.32909889329503705 0.16397517330945438 -0.9299494937737836
vn 0.9442954614060051 -0.05714746758021459 0.3240991337803738
vn -0.32909889329503705 -0.16397517330945438 0.9299494937737836
vn -0.9442954614060051 0.05714746758021459 -0.3240991337803738
vn 4.6915593403251674e-8 0.9848077525523968 0.17364818027464363
vn -4.6915593403251674e-8 -0.9848077525523968 -0.17364818027464363
usemtl m_cf494e36-3ca7-6293-d438-e469d4f77dd3
f 164/484/121 167/483/121 165/482/121 162/481/121
f 163/488/122 164/487/122 162/486/122 161/485/122
f 168/492/123 163/491/123 161/490/123 166/489/123
f 167/496/124 168/495/124 166/494/124 165/493/124
f 166/500/125 161/499/125 162/498/125 165/497/125
f 167/504/126 164/503/126 163/502/126 168/501/126
o folha_seca3
v 0.0362672229105453 0.5157825922581896 -0.44880479594014666
v 0.0362672229105453 0.5157825922581896 -0.44880479594014666
v 0.030249843928700587 -0.10577238693183577 -0.38354991877164585
v 0.030249843928700587 -0.10577238693183577 -0.38354991877164585
v 0.29859510214531826 0.5310004941236572 -0.27966358499793015
v 0.29859510214531826 0.5310004941236572 -0.27966358499793015
v 0.2925777231634735 -0.0905544850663681 -0.21440870782942933
v 0.2925777231634735 -0.0905544850663681 -0.21440870782942933
vt 0.84375 0.265625
vt 1 0.265625
vt 1 0.109375
vt 0.84375 0.109375
vt 0.84375 0.265625
vt 0.84375 0.265625
vt 0.84375 0.109375
vt 0.84375 0.109375
vt 0.6875 0.265625
vt 0.84375 0.265625
vt 0.84375 0.109375
vt 0.6875 0.109375
vt 0.6875 0.265625
vt 0.6875 0.265625
vt 0.6875 0.109375
vt 0.6875 0.109375
vt 0.6875 0.265625
vt 0.84375 0.265625
vt 0.84375 0.265625
vt 0.6875 0.265625
vt 0.84375 0.265625
vt 1 0.265625
vt 1 0.265625
vt 0.84375 0.265625
vn 0.5433528533215153 -0.09285611676173251 -0.8343532934958064
vn 0.8394492135512736 0.04869728596949656 0.5412518750150929
vn -0.5433528533215153 0.09285611676173251 0.8343532934958064
vn -0.8394492135512736 -0.04869728596949656 -0.5412518750150929
vn 0.009627806370951451 0.9944879667040405 -0.10440780346960118
vn -0.009627806370951451 -0.9944879667040405 0.10440780346960118
usemtl m_cf494e36-3ca7-6293-d438-e469d4f77dd3
f 172/508/127 175/507/127 173/506/127 170/505/127
f 171/512/128 172/511/128 170/510/128 169/509/128
f 176/516/129 171/515/129 169/514/129 174/513/129
f 175/520/130 176/519/130 174/518/130 173/517/130
f 174/524/131 169/523/131 170/522/131 173/521/131
f 175/528/132 172/527/132 171/526/132 176/525/132
o folha1
v -0.00806902472670095 2.1452382194461275 -0.005442367042849395
v -0.00806902472670095 2.1452382194461275 -0.005442367042849395
v -0.08935353061689189 2.3912877617506156 0.5633084147886479
v -0.08935353061689189 2.3912877617506156 0.5633084147886479
v -0.23987877745969144 1.9428560249848543 0.048981303385644555
v -0.23987877745969144 1.9428560249848543 0.048981303385644555
v -0.32116328334988237 2.1889055672893427 0.6177320852171418
v -0.32116328334988237 2.1889055672893427 0.6177320852171418
vt 0.21875 0.71875
vt 0.375 0.71875
vt 0.375 0.5625
vt 0.21875 0.5625
vt 0.21875 0.71875
vt 0.21875 0.71875
vt 0.21875 0.5625
vt 0.21875 0.5625
vt 0.0625 0.71875
vt 0.21875 0.71875
vt 0.21875 0.5625
vt 0.0625 0.5625
vt 0.0625 0.71875
vt 0.0625 0.71875
vt 0.0625 0.5625
vt 0.0625 0.5625
vt 0.0625 0.71875
vt 0.21875 0.71875
vt 0.21875 0.71875
vt 0.0625 0.71875
vt 0.21875 0.71875
vt 0.375 0.71875
vt 0.375 0.71875
vt 0.21875 0.71875
vn 0.6578992667037917 -0.6523810659509436 0.3762545676258613
vn 0.7417912087455697 0.6476230222760732 -0.17415574537118067
vn -0.6578992667037917 0.6523810659509436 -0.3762545676258613
vn -0.7417912087455697 -0.6476230222760732 0.17415574537118067
vn 0.13005520942430565 -0.3936792676871815 -0.9100012509303956
vn -0.13005520942430565 0.3936792676871815 0.9100012509303956
usemtl m_cf494e36-3ca7-6293-d438-e469d4f77dd3
f 180/532/133 183/531/133 181/530/133 178/529/133
f 179/536/134 180/535/134 178/534/134 177/533/134
f 184/540/135 179/539/135 177/538/135 182/537/135
f 183/544/136 184/543/136 182/542/136 181/541/136
f 182/548/137 177/547/137 178/546/137 181/545/137
f 183/552/138 180/551/138 179/550/138 184/549/138
o folha2
v -0.06617255534359283 2.411525981196743 0.5578660477457985
v -0.06617255534359283 2.411525981196743 0.5578660477457985
v -0.11468553642550634 2.458156596861268 1.0533174342099938
v -0.11468553642550634 2.458156596861268 1.0533174342099938
v -0.3505199219993021 2.1670915723998574 0.5530292231592948
v -0.3505199219993021 2.1670915723998574 0.5530292231592948
v -0.3990329030812156 2.2137221880643825 1.04848060962349
v -0.3990329030812156 2.2137221880643825 1.04848060962349
vt 0.21875 0.5625
vt 0.40625 0.5625
vt 0.40625 0.4375
vt 0.21875 0.4375
vt 0.21875 0.5625
vt 0.21875 0.5625
vt 0.21875 0.4375
vt 0.21875 0.4375
vt 0.03125 0.5625
vt 0.21875 0.5625
vt 0.21875 0.4375
vt 0.03125 0.4375
vt 0.03125 0.5625
vt 0.03125 0.5625
vt 0.03125 0.4375
vt 0.03125 0.4375
vt 0.03125 0.5625
vt 0.21875 0.5625
vt 0.21875 0.5625
vt 0.03125 0.5625
vt 0.21875 0.5625
vt 0.40625 0.5625
vt 0.40625 0.5625
vt 0.21875 0.5625
vn 0.6446923873580956 -0.7526130444089366 0.13396018463719583
vn 0.758259644415225 0.6518250901250284 0.012898198897343135
vn -0.6446923873580956 0.7526130444089366 -0.13396018463719583
vn -0.758259644415225 -0.6518250901250284 -0.012898198897343135
vn 0.09702596216382725 -0.09326123132905034 -0.9909027729283905
vn -0.09702596216382725 0.09326123132905034 0.9909027729283905
usemtl m_cf494e36-3ca7-6293-d438-e469d4f77dd3
f 188/556/139 191/555/139 189/554/139 186/553/139
f 187/560/140 188/559/140 186/558/140 185/557/140
f 192/564/141 187/563/141 185/562/141 190/561/141
f 191/568/142 192/567/142 190/566/142 189/565/142
f 190/572/143 185/571/143 186/570/143 189/569/143
f 191/576/144 188/575/144 187/574/144 192/573/144
o folha3
v -0.09187922135429569 2.477945793158475 1.0665718608696657
v -0.09187922135429569 2.477945793158475 1.0665718608696657
v -0.13242429746625872 2.381818926108224 1.682802923243333
v -0.13242429746625872 2.381818926108224 1.682802923243333
v -0.4194676908063564 2.1954805915133733 1.0009558983174924
v -0.4194676908063564 2.1954805915133733 1.0009558983174924
v -0.46001276691831944 2.0993537244631217 1.6171869606911597
v -0.46001276691831944 2.0993537244631217 1.6171869606911597
vt 0.21875 0.4375
vt 0.4375 0.4375
vt 0.4375 0.28125
vt 0.21875 0.28125
vt 0.21875 0.4375
vt 0.21875 0.4375
vt 0.21875 0.28125
vt 0.21875 0.28125
vt 0 0.4375
vt 0.21875 0.4375
vt 0.21875 0.28125
vt 0 0.28125
vt 0 0.4375
vt 0 0.4375
vt 0 0.28125
vt 0 0.28125
vt 0 0.4375
vt 0.21875 0.4375
vt 0.21875 0.4375
vt 0 0.4375
vt 0.21875 0.4375
vt 0.4375 0.4375
vt 0.4375 0.4375
vt 0.21875 0.4375
vn 0.6596435682815281 -0.7479976036485287 -0.07327992740765932
vn 0.748773644461853 0.645634746617376 0.14997934297639562
vn -0.6596435682815281 0.7479976036485287 0.07327992740765932
vn -0.748773644461853 -0.645634746617376 -0.14997934297639562
vn 0.06487212177914113 0.15380298728040168 -0.9859696997978675
vn -0.06487212177914113 -0.15380298728040168 0.9859696997978675
usemtl m_cf494e36-3ca7-6293-d438-e469d4f77dd3
f 196/580/145 199/579/145 197/578/145 194/577/145
f 195/584/146 196/583/146 194/582/146 193/581/146
f 200/588/147 195/587/147 193/586/147 198/585/147
f 199/592/148 200/591/148 198/590/148 197/589/148
f 198/596/149 193/595/149 194/594/149 197/593/149
f 199/600/150 196/599/150 195/598/150 200/597/150
o folha4
v -0.14816795159194157 2.376070078231805 1.7218748545716414
v -0.14816795159194157 2.376070078231805 1.7218748545716414
v -0.18765455006045875 1.918826853859958 2.233759306677215
v -0.18765455006045875 1.918826853859958 2.233759306677215
v -0.40228591363458 2.1204330074000537 1.4739232476321855
v -0.40228591363458 2.1204330074000537 1.4739232476321855
v -0.4417725121030972 1.6631897830282067 1.9858076997377592
v -0.4417725121030972 1.6631897830282067 1.9858076997377592
vt 0.21875 0.28125
vt 0.4375 0.28125
vt 0.4375 0.109375
vt 0.21875 0.109375
vt 0.21875 0.28125
vt 0.21875 0.28125
vt 0.21875 0.109375
vt 0.21875 0.109375
vt 0 0.28125
vt 0.21875 0.28125
vt 0.21875 0.109375
vt 0 0.109375
vt 0 0.28125
vt 0 0.28125
vt 0 0.109375
vt 0 0.109375
vt 0 0.28125
vt 0.21875 0.28125
vt 0.21875 0.28125
vt 0 0.28125
vt 0.21875 0.28125
vt 0.4375 0.28125
vt 0.4375 0.28125
vt 0.21875 0.28125
vn 0.8119882279422743 -0.46502167044396137 -0.3527463163530884
vn 0.5808410560974595 0.5843133047582887 0.5667465301473272
vn -0.8119882279422743 0.46502167044396137 0.3527463163530884
vn -0.5808410560974595 -0.5843133047582887 -0.5667465301473272
vn 0.057435052317843474 0.6650810536317773 -0.7445592030626521
vn -0.057435052317843474 -0.6650810536317773 0.7445592030626521
usemtl m_cf494e36-3ca7-6293-d438-e469d4f77dd3
f 204/604/151 207/603/151 205/602/151 202/601/151
f 203/608/152 204/607/152 202/606/152 201/605/152
f 208/612/153 203/611/153 201/610/153 206/609/153
f 207/616/154 208/615/154 206/614/154 205/613/154
f 206/620/155 201/619/155 202/618/155 205/617/155
f 207/624/156 204/623/156 203/622/156 208/621/156
o folha1
v 0.004089368270122885 2.1468545399840355 -0.004403961193921358
v 0.004089368270122885 2.1468545399840355 -0.004403961193921358
v -0.07719515406069793 2.3929040510821773 0.564346831788221
v -0.07719515406069793 2.3929040510821773 0.564346831788221
v 0.2680358727957385 2.0103798949185143 0.09235948233176784
v 0.2680358727957385 2.0103798949185143 0.09235948233176784
v 0.18675135046491764 2.256429406016656 0.6611102753139102
v 0.18675135046491764 2.256429406016656 0.6611102753139102
vt 0.21875 0.71875
vt 0.375 0.71875
vt 0.375 0.5625
vt 0.21875 0.5625
vt 0.21875 0.71875
vt 0.21875 0.71875
vt 0.21875 0.5625
vt 0.21875 0.5625
vt 0.0625 0.71875
vt 0.21875 0.71875
vt 0.21875 0.5625
vt 0.0625 0.5625
vt 0.0625 0.71875
vt 0.0625 0.71875
vt 0.0625 0.5625
vt 0.0625 0.5625
vt 0.0625 0.71875
vt 0.21875 0.71875
vt 0.21875 0.71875
vt 0.0625 0.71875
vt 0.21875 0.71875
vt 0.375 0.71875
vt 0.375 0.71875
vt 0.21875 0.71875
vn -0.5193147421421573 -0.8088839886841828 0.27571523614808047
vn 0.8446288144819697 -0.43671886420966793 0.3096430192822051
vn 0.5193147421421573 0.8088839886841828 -0.27571523614808047
vn -0.8446288144819697 0.43671886420966793 -0.3096430192822051
vn 0.13005523572931352 -0.39367921775702697 -0.9100012687714278
vn -0.13005523572931352 0.39367921775702697 0.9100012687714278
usemtl m_cf494e36-3ca7-6293-d438-e469d4f77dd3
f 212/628/157 215/627/157 213/626/157 210/625/157
f 211/632/158 212/631/158 210/630/158 209/629/158
f 216/636/159 211/635/159 209/634/159 214/633/159
f 215/640/160 216/639/160 214/638/160 213/637/160
f 214/644/161 209/643/161 210/642/161 213/641/161
f 215/648/162 212/647/162 211/646/162 216/645/162
o folha2
v -0.10358980451325947 2.4065515155887294 0.5546704874356521
v -0.10358980451325947 2.4065515155887294 0.5546704874356521
v -0.15210278024071733 2.453182106684545 1.0501218767364815
v -0.15210278024071733 2.453182106684545 1.0501218767364815
v 0.23111912480781263 2.244416592980718 0.6027038040360677
v 0.23111912480781263 2.244416592980718 0.6027038040360677
v 0.18260614908035475 2.2910471840765334 1.0981551933368972
v 0.18260614908035475 2.2910471840765334 1.0981551933368972
vt 0.21875 0.5625
vt 0.40625 0.5625
vt 0.40625 0.4375
vt 0.21875 0.4375
vt 0.21875 0.5625
vt 0.21875 0.5625
vt 0.21875 0.4375
vt 0.21875 0.4375
vt 0.03125 0.5625
vt 0.21875 0.5625
vt 0.21875 0.4375
vt 0.03125 0.4375
vt 0.03125 0.5625
