# Made in Blockbench 4.12.4
mtllib coqueiro.mtl

o tronco1
v 0.25 1.5 0.25
v 0.25 1.5 -0.25
v 0.25 -0.5 0.25
v 0.25 -0.5 -0.25
v -0.25 1.5 -0.25
v -0.25 1.5 0.25
v -0.25 -0.5 -0.25
v -0.25 -0.5 0.25
vt 0 1
vt 0.125 1
vt 0.125 0.75
vt 0 0.75
vt 0 1
vt 0.125 1
vt 0.125 0.75
vt 0 0.75
vt 0 1
vt 0.125 1
vt 0.125 0.75
vt 0 0.75
vt 0 1
vt 0.125 1
vt 0.125 0.75
vt 0 0.75
vt 0 1
vt 0.125 1
vt 0.125 0.9375
vt 0 0.9375
vt 0 1
vt 0.125 1
vt 0.125 0.9375
vt 0 0.9375
vn 0 0 -1
vn 1 0 0
vn 0 0 1
vn -1 0 0
vn 0 1 0
vn 0 -1 0
usemtl m_a88e312f-6483-c966-cca2-c43494a202bc
f 4/4/1 7/3/1 5/2/1 2/1/1
f 3/8/2 4/7/2 2/6/2 1/5/2
f 8/12/3 3/11/3 1/10/3 6/9/3
f 7/16/4 8/15/4 6/14/4 5/13/4
f 6/20/5 1/19/5 2/18/5 5/17/5
f 7/24/6 4/23/6 3/22/6 8/21/6
o tronco2
v 0.1875 3.625 0.1875
v 0.1875 3.625 -0.1875
v 0.1875 1.5 0.1875
v 0.1875 1.5 -0.1875
v -0.1875 3.625 -0.1875
v -0.1875 3.625 0.1875
v -0.1875 1.5 -0.1875
v -0.1875 1.5 0.1875
vt 0 1
vt 0.09375 1
vt 0.09375 0.734375
vt 0 0.734375
vt 0 1
vt 0.09375 1
vt 0.09375 0.734375
vt 0 0.734375
vt 0 1
vt 0.09375 1
vt 0.09375 0.734375
vt 0 0.734375
vt 0 1
vt 0.09375 1
vt 0.09375 0.734375
vt 0 0.734375
vt 0 1
vt 0.09375 1
vt 0.09375 0.953125
vt 0 0.953125
vt 0 1
vt 0.09375 1
vt 0.09375 0.953125
vt 0 0.953125
vn 0 0 -1
vn 1 0 0
vn 0 0 1
vn -1 0 0
vn 0 1 0
vn 0 -1 0
usemtl m_a88e312f-6483-c966-cca2-c43494a202bc
f 12/28/7 15/27/7 13/26/7 10/25/7
f 11/32/8 12/31/8 10/30/8 9/29/8
f 16/36/9 11/35/9 9/34/9 14/33/9
f 15/40/10 16/39/10 14/38/10 13/37/10
f 14/44/11 9/43/11 10/42/11 13/41/11
f 15/48/12 12/47/12 11/46/12 16/45/12
o tronco3
v 0.15625 5.1875 0.15625
v 0.15625 5.1875 -0.15625
v 0.15625 3.625 0.15625
v 0.15625 3.625 -0.15625
v -0.15625 5.1875 -0.15625
v -0.15625 5.1875 0.15625
v -0.15625 3.625 -0.15625
v -0.15625 3.625 0.15625
vt 0 1
vt 0.078125 1
vt 0.078125 0.8046875
vt 0 0.8046875
vt 0 1
vt 0.078125 1
vt 0.078125 0.8046875
vt 0 0.8046875
vt 0 1
vt 0.078125 1
vt 0.078125 0.8046875
vt 0 0.8046875
vt 0 1
vt 0.078125 1
vt 0.078125 0.8046875
vt 0 0.8046875
vt 0 1
vt 0.078125 1
vt 0.078125 0.9609375
vt 0 0.9609375
vt 0 1
vt 0.078125 1
vt 0.078125 0.9609375
vt 0 0.9609375
vn 0 0 -1
vn 1 0 0
vn 0 0 1
vn -1 0 0
vn 0 1 0
vn 0 -1 0
usemtl m_a88e312f-6483-c966-cca2-c43494a202bc
f 20/52/13 23/51/13 21/50/13 18/49/13
f 19/56/14 20/55/14 18/54/14 17/53/14
f 24/60/15 19/59/15 17/58/15 22/57/15
f 23/64/16 24/63/16 22/62/16 21/61/16
f 22/68/17 17/67/17 18/66/17 21/65/17
f 23/72/18 20/71/18 19/70/18 24/69/18
o coco
v 0.625 4.4375 0.25
v 0.625 4.4375 -0.25
v 0.625 3.9375 0.25
v 0.625 3.9375 -0.25
v 0.125 4.4375 -0.25
v 0.125 4.4375 0.25
v 0.125 3.9375 -0.25
v 0.125 3.9375 0.25
vt 0.125 0.9375
vt 0.25 0.9375
vt 0.25 0.875
vt 0.125 0.875
vt 0.125 0.9375
vt 0.25 0.9375
vt 0.25 0.875
vt 0.125 0.875
vt 0.125 0.9375
vt 0.25 0.9375
vt 0.25 0.875
vt 0.125 0.875
vt 0.125 0.9375
vt 0.25 0.9375
vt 0.25 0.875
vt 0.125 0.875
vt 0.125 0.9375
vt 0.25 0.9375
vt 0.25 0.875
vt 0.125 0.875
vt 0.125 0.9375
vt 0.25 0.9375
vt 0.25 0.875
vt 0.125 0.875
vn 0 0 -1
vn 1 0 0
vn 0 0 1
vn -1 0 0
vn 0 1 0
vn 0 -1 0
usemtl m_a88e312f-6483-c966-cca2-c43494a202bc
f 28/76/19 31/75/19 29/74/19 26/73/19
f 27/80/20 28/79/20 26/78/20 25/77/20
f 32/84/21 27/83/21 25/82/21 30/81/21
f 31/88/22 32/87/22 30/86/22 29/85/22
f 30/92/23 25/91/23 26/90/23 29/89/23
f 31/96/24 28/95/24 27/94/24 32/93/24
o coco
v -0.1875 4.1875 0.25
v -0.1875 4.1875 -0.25
v -0.1875 3.6875 0.25
v -0.1875 3.6875 -0.25
v -0.6875 4.1875 -0.25
v -0.6875 4.1875 0.25
v -0.6875 3.6875 -0.25
v -0.6875 3.6875 0.25
vt 0.125 0.9375
vt 0.25 0.9375
vt 0.25 0.875
vt 0.125 0.875
vt 0.125 0.9375
vt 0.25 0.9375
vt 0.25 0.875
vt 0.125 0.875
vt 0.125 0.9375
vt 0.25 0.9375
vt 0.25 0.875
vt 0.125 0.875
vt 0.125 0.9375
vt 0.25 0.9375
vt 0.25 0.875
vt 0.125 0.875
vt 0.125 0.9375
vt 0.25 0.9375
vt 0.25 0.875
vt 0.125 0.875
vt 0.125 0.9375
vt 0.25 0.9375
vt 0.25 0.875
vt 0.125 0.875
vn 0 0 -1
vn 1 0 0
vn 0 0 1
vn -1 0 0
vn 0 1 0
vn 0 -1 0
usemtl m_a88e312f-6483-c966-cca2-c43494a202bc
f 36/100/25 39/99/25 37/98/25 34/97/25
f 35/104/26 36/103/26 34/102/26 33/101/26
f 40/108/27 35/107/27 33/106/27 38/105/27
f 39/112/28 40/111/28 38/110/28 37/109/28
f 38/116/29 33/115/29 34/114/29 37/113/29
f 39/120/30 36/119/30 35/118/30 40/117/30
o coco
v 0.25 4.875 -0.1875
v 0.25 4.875 -0.6875
v 0.25 4.375 -0.1875
v 0.25 4.375 -0.6875
v -0.25 4.875 -0.6875
v -0.25 4.875 -0.1875
v -0.25 4.375 -0.6875
v -0.25 4.375 -0.1875
vt 0.125 0.9375
vt 0.25 0.9375
vt 0.25 0.875
vt 0.125 0.875
vt 0.125 0.9375
vt 0.25 0.9375
vt 0.25 0.875
vt 0.125 0.875
vt 0.125 0.9375
vt 0.25 0.9375
vt 0.25 0.875
vt 0.125 0.875
vt 0.125 0.9375
vt 0.25 0.9375
vt 0.25 0.875
vt 0.125 0.875
vt 0.125 0.9375
vt 0.25 0.9375
vt 0.25 0.875
vt 0.125 0.875
vt 0.125 0.9375
vt 0.25 0.9375
vt 0.25 0.875
vt 0.125 0.875
vn 0 0 -1
vn 1 0 0
vn 0 0 1
vn -1 0 0
vn 0 1 0
vn 0 -1 0
usemtl m_a88e312f-6483-c966-cca2-c43494a202bc
f 44/124/31 47/123/31 45/122/31 42/121/31
f 43/128/32 44/127/32 42/126/32 41/125/32
f 48/132/33 43/131/33 41/130/33 46/129/33
f 47/136/34 48/135/34 46/134/34 45/133/34
f 46/140/35 41/139/35 42/138/35 45/137/35
f 47/144/36 44/143/36 43/142/36 48/141/36
o coco
v 0.25 5.1875 0.6875
v 0.25 5.1875 0.1875
v 0.25 4.6875 0.6875
v 0.25 4.6875 0.1875
v -0.25 5.1875 0.1875
v -0.25 5.1875 0.6875
v -0.25 4.6875 0.1875
v -0.25 4.6875 0.6875
vt 0.125 0.9375
vt 0.25 0.9375
vt 0.25 0.875
vt 0.125 0.875
vt 0.125 0.9375
vt 0.25 0.9375
vt 0.25 0.875
vt 0.125 0.875
vt 0.125 0.9375
vt 0.25 0.9375
vt 0.25 0.875
vt 0.125 0.875
vt 0.125 0.9375
vt 0.25 0.9375
vt 0.25 0.875
vt 0.125 0.875
vt 0.125 0.9375
vt 0.25 0.9375
vt 0.25 0.875
vt 0.125 0.875
vt 0.125 0.9375
vt 0.25 0.9375
vt 0.25 0.875
vt 0.125 0.875
vn 0 0 -1
vn 1 0 0
vn 0 0 1
vn -1 0 0
vn 0 1 0
vn 0 -1 0
usemtl m_a88e312f-6483-c966-cca2-c43494a202bc
f 52/148/37 55/147/37 53/146/37 50/145/37
f 51/152/38 52/151/38 50/150/38 49/149/38
f 56/156/39 51/155/39 49/154/39 54/153/39
f 55/160/40 56/159/40 54/158/40 53/157/40
f 54/164/41 49/163/41 50/162/41 53/161/41
f 55/168/42 52/167/42 51/166/42 56/165/42
o leaf1
v 1.091924122410289 5.047190442318393 1.2128115821082572
v 1.091924122410289 5.047190442318393 1.2128115821082572
v 0.8985022947317657 4.5951021997655035 -0.004094522537018808
v 0.8985022947317657 4.5951021997655035 -0.004094522537018808
v 0.23533326040748118 5.668629878813097 1.1180942558029197
v 0.23533326040748118 5.668629878813097 1.1180942558029197
v 0.041911432728957886 5.2165416362602075 -0.0988118488423563
v 0.041911432728957886 5.2165416362602075 -0.0988118488423563
vt 0.375 0.2109375
vt 0.640625 0.2109375
vt 0.640625 0.046875
vt 0.375 0.046875
vt 0.375 0.2109375
vt 0.375 0.2109375
vt 0.375 0.046875
vt 0.375 0.046875
vt 0.109375 0.2109375
vt 0.375 0.2109375
vt 0.375 0.046875
vt 0.109375 0.046875
vt 0.109375 0.2109375
vt 0.109375 0.2109375
vt 0.109375 0.046875
vt 0.109375 0.046875
vt 0.109375 0.2109375
vt 0.375 0.2109375
vt 0.375 0.2109375
vt 0.109375 0.2109375
vt 0.375 0.2109375
vt 0.640625 0.2109375
vt 0.640625 0.2109375
vt 0.375 0.2109375
vn 0.5729911276828066 0.7343472946825499 -0.3638890193303531
vn 0.8062031642379368 -0.584884175524427 0.08914571887561178
vn -0.5729911276828066 -0.7343472946825499 0.3638890193303531
vn -0.8062031642379368 0.584884175524427 -0.08914571887561178
vn 0.14736901156458918 0.34444818480220163 0.9271665559202104
vn -0.14736901156458918 -0.34444818480220163 -0.9271665559202104
usemtl m_a88e312f-6483-c966-cca2-c43494a202bc
f 60/172/43 63/171/43 61/170/43 58/169/43
f 59/176/44 60/175/44 58/174/44 57/173/44
f 64/180/45 59/179/45 57/178/45 62/177/45
f 63/184/46 64/183/46 62/182/46 61/181/46
f 62/188/47 57/187/47 58/186/47 61/185/47
f 63/192/48 60/191/48 59/190/48 64/189/48
o leaf1
v 0.23395590281338768 5.704343314991115 1.1050454153760265
v 0.23395590281338768 5.704343314991115 1.1050454153760265
v 0.040534075134864386 5.252255072438225 -0.11186068926924952
v 0.040534075134864386 5.252255072438225 -0.11186068926924952
v -0.5758048009902411 5.1115259214332145 1.4539886635850572
v -0.5758048009902411 5.1115259214332145 1.4539886635850572
v -0.7692266286687645 4.659437678880325 0.23708255893978109
v -0.7692266286687645 4.659437678880325 0.23708255893978109
vt 0.640625 0.2109375
vt 0.90625 0.2109375
vt 0.90625 0.046875
vt 0.640625 0.046875
vt 0.640625 0.2109375
vt 0.640625 0.2109375
vt 0.640625 0.046875
vt 0.640625 0.046875
vt 0.375 0.2109375
vt 0.640625 0.2109375
vt 0.640625 0.046875
vt 0.375 0.046875
vt 0.375 0.2109375
vt 0.375 0.2109375
vt 0.375 0.046875
vt 0.375 0.046875
vt 0.375 0.2109375
vt 0.640625 0.2109375
vt 0.640625 0.2109375
vt 0.375 0.2109375
vt 0.640625 0.2109375
vt 0.90625 0.2109375
vt 0.90625 0.2109375
vt 0.640625 0.2109375
vn -0.6304313689593026 0.7550178488902004 -0.18028959173871936
vn 0.7621277212269447 0.5579457821721415 -0.32841717478497
vn 0.6304313689593026 -0.7550178488902004 0.18028959173871936
vn -0.7621277212269447 -0.5579457821721415 0.32841717478497
vn 0.14736901156458915 0.3444481848022015 0.9271665559202102
vn -0.14736901156458915 -0.3444481848022015 -0.9271665559202102
usemtl m_a88e312f-6483-c966-cca2-c43494a202bc
f 68/196/49 71/195/49 69/194/49 66/193/49
f 67/200/50 68/199/50 66/198/50 65/197/50
f 72/204/51 67/203/51 65/202/51 70/201/51
f 71/208/52 72/207/52 70/206/52 69/205/52
f 70/212/53 65/211/53 66/210/53 69/209/53
f 71/216/54 68/215/54 67/214/54 72/213/54
o leaf2
v 1.1112456500701031 5.209785516575707 2.1048590098151267
v 1.1112456500701031 5.209785516575707 2.1048590098151267
v 1.088913961416976 5.047983708545483 1.2452390527410424
v 1.088913961416976 5.047983708545483 1.2452390527410424
v 0.25465478806729525 5.831224953070411 2.010141683509789
v 0.25465478806729525 5.831224953070411 2.010141683509789
v 0.23232309941416826 5.669423145040187 1.1505217264357048
v 0.23232309941416826 5.669423145040187 1.1505217264357048
vt 0.375 0.328125
vt 0.640625 0.328125
vt 0.640625 0.21875
vt 0.375 0.21875
vt 0.375 0.328125
vt 0.375 0.328125
vt 0.375 0.21875
vt 0.375 0.21875
vt 0.109375 0.328125
vt 0.375 0.328125
vt 0.375 0.21875
vt 0.109375 0.21875
vt 0.109375 0.328125
vt 0.109375 0.328125
vt 0.109375 0.21875
vt 0.109375 0.21875
vt 0.109375 0.328125
vt 0.375 0.328125
vt 0.375 0.328125
vt 0.109375 0.328125
vt 0.375 0.328125
vt 0.640625 0.328125
vt 0.640625 0.328125
vt 0.375 0.328125
vn 0.5910880552569681 0.7897572057103048 -0.1640075210506722
vn 0.8062031642379368 -0.584884175524427 0.08914571887561179
vn -0.5910880552569681 -0.7897572057103048 0.1640075210506722
vn -0.8062031642379368 0.584884175524427 -0.08914571887561179
vn 0.025521929889287955 0.18491635203454168 0.9824228080846678
vn -0.025521929889287955 -0.18491635203454168 -0.9824228080846678
usemtl m_a88e312f-6483-c966-cca2-c43494a202bc
f 76/220/55 79/219/55 77/218/55 74/217/55
f 75/224/56 76/223/56 74/222/56 73/221/56
f 80/228/57 75/227/57 73/226/57 78/225/57
f 79/232/58 80/231/58 78/230/58 77/229/58
f 78/236/59 73/235/59 74/234/59 77/233/59
f 79/240/60 76/239/60 75/238/60 80/237/60
o leaf3
v 0.253823689513117 5.868610947458975 2.0031263023482677
v 0.253823689513117 5.868610947458975 2.0031263023482677
v 0.23149200085999005 5.706809139428751 1.1435063452741834
v 0.23149200085999005 5.706809139428751 1.1435063452741834
v -0.5745098216476313 5.218926574742524 2.1469319355346586
v -0.5745098216476313 5.218926574742524 2.1469319355346586
v -0.5968415103007584 5.057124766712301 1.2873119784605742
v -0.5968415103007584 5.057124766712301 1.2873119784605742
vt 0.640625 0.328125
vt 0.90625 0.328125
vt 0.90625 0.21875
vt 0.640625 0.21875
vt 0.640625 0.328125
vt 0.640625 0.328125
vt 0.640625 0.21875
vt 0.640625 0.21875
vt 0.375 0.328125
vt 0.640625 0.328125
vt 0.640625 0.21875
vt 0.375 0.21875
vt 0.375 0.328125
vt 0.375 0.328125
vt 0.375 0.21875
vt 0.375 0.21875
vt 0.375 0.328125
vt 0.640625 0.328125
vt 0.640625 0.328125
vt 0.375 0.328125
vt 0.640625 0.328125
vt 0.90625 0.328125
vt 0.90625 0.328125
vt 0.640625 0.328125
vn -0.6257475377916855 0.7693589942146285 -0.1285564349563988
vn 0.7796080105042338 0.6114676449096003 -0.1353464782930739
vn 0.6257475377916855 -0.7693589942146285 0.1285564349563988
vn -0.7796080105042338 -0.6114676449096003 0.1353464782930739
vn 0.02552192988928794 0.18491635203454174 0.9824228080846678
vn -0.02552192988928794 -0.18491635203454174 -0.9824228080846678
usemtl m_a88e312f-6483-c966-cca2-c43494a202bc
f 84/244/61 87/243/61 85/242/61 82/241/61
f 83/248/62 84/247/62 82/246/62 81/245/62
f 88/252/63 83/251/63 81/250/63 86/249/63
f 87/256/64 88/255/64 86/254/64 85/253/64
f 86/260/65 81/259/65 82/258/65 85/257/65
f 87/264/66 84/263/66 83/262/66 88/261/66
o leaf3
v 0.8854879615334068 5.090513733857794 3.3639927738005078
v 0.8854879615334068 5.090513733857794 3.3639927738005078
v 1.1044374894547273 5.195723339715782 2.0741678658931444
v 1.1044374894547273 5.195723339715782 2.0741678658931444
v 0.028897099530598935 5.711953170352497 3.26927544749517
v 0.028897099530598935 5.711953170352497 3.26927544749517
v 0.24784662745191946 5.817162776210486 1.9794505395878068
v 0.24784662745191946 5.817162776210486 1.9794505395878068
vt 0.375 0.5
vt 0.640625 0.5
vt 0.640625 0.3359375
vt 0.375 0.3359375
vt 0.375 0.5
vt 0.375 0.5
vt 0.375 0.3359375
vt 0.375 0.3359375
vt 0.109375 0.5
vt 0.375 0.5
vt 0.375 0.3359375
vt 0.109375 0.3359375
vt 0.109375 0.5
vt 0.109375 0.5
vt 0.109375 0.3359375
vt 0.109375 0.3359375
vt 0.109375 0.5
vt 0.375 0.5
vt 0.375 0.5
vt 0.109375 0.5
vt 0.375 0.5
vt 0.640625 0.5
vt 0.640625 0.5
vt 0.375 0.5
vn 0.5676336700079526 0.8071461601004523 0.1621946143014556
vn 0.8062031642379368 -0.584884175524427 0.08914571887561178
vn -0.5676336700079526 -0.8071461601004523 -0.1621946143014556
vn -0.8062031642379368 0.584884175524427 -0.08914571887561178
vn -0.16681868794005372 -0.08015969970132455 0.9827237393579908
vn 0.16681868794005372 0.08015969970132455 -0.9827237393579908
usemtl m_a88e312f-6483-c966-cca2-c43494a202bc
f 92/268/67 95/267/67 93/266/67 90/265/67
f 91/272/68 92/271/68 90/270/68 89/269/68
f 96/276/69 91/275/69 89/274/69 94/273/69
f 95/280/70 96/279/70 94/278/70 93/277/70
f 94/284/71 89/283/71 90/282/71 93/281/71
f 95/288/72 92/287/72 91/286/72 96/285/72
o leaf3
v 0.027358026105248498 5.749864053482057 3.272106536931795
v 0.027358026105248498 5.749864053482057 3.272106536931795
v 0.246307554026569 5.855073659340045 1.9822816290244316
v 0.246307554026569 5.855073659340045 1.9822816290244316
v -0.7769043394356439 5.082333463571752 3.081132169781205
v -0.7769043394356439 5.082333463571752 3.081132169781205
v -0.5579548115143234 5.18754306942974 1.7913072618738417
v -0.5579548115143234 5.18754306942974 1.7913072618738417
vt 0.640625 0.5
vt 0.90625 0.5
vt 0.90625 0.3359375
vt 0.640625 0.3359375
vt 0.640625 0.5
vt 0.640625 0.5
vt 0.640625 0.3359375
vt 0.640625 0.3359375
vt 0.375 0.5
vt 0.640625 0.5
vt 0.640625 0.3359375
vt 0.375 0.3359375
vt 0.375 0.5
vt 0.375 0.5
vt 0.375 0.3359375
vt 0.375 0.3359375
vt 0.375 0.5
vt 0.640625 0.5
vt 0.640625 0.5
vt 0.375 0.5
vt 0.640625 0.5
vt 0.90625 0.5
vt 0.90625 0.5
vt 0.640625 0.5
vn -0.6318179815284163 0.7738595883741107 -0.04412907996786104
vn 0.7569528146267223 0.6282640846214635 0.179740580847614
vn 0.6318179815284163 -0.7738595883741107 0.04412907996786104
vn -0.7569528146267223 -0.6282640846214635 -0.179740580847614
vn -0.1668186879400537 -0.08015969970132451 0.9827237393579908
vn 0.1668186879400537 0.08015969970132451 -0.9827237393579908
usemtl m_a88e312f-6483-c966-cca2-c43494a202bc
f 100/292/73 103/291/73 101/290/73 98/289/73
f 99/296/74 100/295/74 98/294/74 97/293/74
f 104/300/75 99/299/75 97/298/75 102/297/75
f 103/304/76 104/303/76 102/302/76 101/301/76
f 102/308/77 97/307/77 98/306/77 101/305/77
f 103/312/78 100/311/78 99/310/78 104/309/78
o leaf4
v 0.2838621792153852 4.563492926380969 4.412152137255438
v 0.2838621792153852 4.563492926380969 4.412152137255438
v 0.8109562048368264 5.128319237001212 3.351115202466969
v 0.8109562048368264 5.128319237001212 3.351115202466969
v -0.5727286827874225 5.184932362875673 4.3174348109501
v -0.5727286827874225 5.184932362875673 4.3174348109501
v -0.04563465716598151 5.749758673495916 3.256397876161632
v -0.04563465716598151 5.749758673495916 3.256397876161632
vt 0.375 0.6640625
vt 0.640625 0.6640625
vt 0.640625 0.5
vt 0.375 0.5
vt 0.375 0.6640625
vt 0.375 0.6640625
vt 0.375 0.5
vt 0.375 0.5
vt 0.109375 0.6640625
vt 0.375 0.6640625
vt 0.375 0.5
vt 0.109375 0.5
vt 0.109375 0.6640625
vt 0.109375 0.6640625
vt 0.109375 0.5
vt 0.109375 0.5
vt 0.109375 0.6640625
vt 0.375 0.6640625
vt 0.375 0.6640625
vt 0.109375 0.6640625
vt 0.375 0.6640625
vt 0.640625 0.6640625
vt 0.640625 0.6640625
vt 0.375 0.6640625
vn 0.4344623735654229 0.6875424838315034 0.5818314007362491
vn 0.8062031642379369 -0.584884175524427 0.08914571887561182
vn -0.4344623735654229 -0.6875424838315034 -0.5818314007362491
vn -0.8062031642379369 0.584884175524427 -0.08914571887561182
vn -0.4015954480925266 -0.4303438557106609 0.8084090931721666
vn 0.4015954480925266 0.4303438557106609 -0.8084090931721666
usemtl m_a88e312f-6483-c966-cca2-c43494a202bc
f 108/316/79 111/315/79 109/314/79 106/313/79
f 107/320/80 108/319/80 106/318/80 105/317/80
f 112/324/81 107/323/81 105/322/81 110/321/81
f 111/328/82 112/327/82 110/326/82 109/325/82
f 110/332/83 105/331/83 106/330/83 109/329/83
f 111/336/84 108/335/84 107/334/84 112/333/84
o leaf3
v -0.42712446264608916 5.109567204441309 4.349647535157282
v -0.42712446264608916 5.109567204441309 4.349647535157282
v 0.099969562975352 5.674393515061552 3.288610600368813
v 0.099969562975352 5.674393515061552 3.288610600368813
v -1.0947136374373874 4.564785408736166 3.7280015436397997
v -1.0947136374373874 4.564785408736166 3.7280015436397997
v -0.5676196118159462 5.129611719356409 2.666964608851331
v -0.5676196118159462 5.129611719356409 2.666964608851331
vt 0.640625 0.6640625
vt 0.90625 0.6640625
vt 0.90625 0.5
vt 0.640625 0.5
vt 0.640625 0.6640625
vt 0.640625 0.6640625
vt 0.640625 0.5
vt 0.640625 0.5
vt 0.375 0.6640625
vt 0.640625 0.6640625
vt 0.640625 0.5
vt 0.375 0.5
vt 0.375 0.6640625
vt 0.375 0.6640625
vt 0.375 0.5
vt 0.375 0.5
vt 0.375 0.6640625
vt 0.640625 0.6640625
vt 0.640625 0.6640625
vt 0.375 0.6640625
vt 0.640625 0.6640625
vt 0.90625 0.6640625
vt 0.90625 0.6640625
vt 0.640625 0.6640625
vn -0.6662852614770909 0.7429038681627996 0.06448095073084933
vn 0.6283192233329865 0.5127358077224874 0.585078580251748
vn 0.6662852614770909 -0.7429038681627996 -0.06448095073084933
vn -0.6283192233329865 -0.5127358077224874 -0.585078580251748
vn -0.4015954480925266 -0.4303438557106609 0.8084090931721666
vn 0.4015954480925266 0.4303438557106609 -0.8084090931721666
usemtl m_a88e312f-6483-c966-cca2-c43494a202bc
f 116/340/85 119/339/85 117/338/85 114/337/85
f 115/344/86 116/343/86 114/342/86 113/341/86
f 120/348/87 115/347/87 113/346/87 118/345/87
f 119/352/88 120/351/88 118/350/88 117/349/88
f 118/356/89 113/355/89 114/354/89 117/353/89
f 119/360/90 116/359/90 115/358/90 120/357/90
o leaf1
v 1.09192397391673 5.0471905889030575 -1.2128119170773204
v 1.09192397391673 5.0471905889030575 -1.2128119170773204
v 0.8985025590486184 4.595102463993168 0.00409429688737048
v 0.8985025590486184 4.595102463993168 0.00409429688737048
v 0.23533305257215542 5.668629917322734 -1.1180944183595352
v 0.23533305257215542 5.668629917322734 -1.1180944183595352
v 0.04191163770404395 5.216541792412846 0.09881179560515571
v 0.04191163770404395 5.216541792412846 0.09881179560515571
vt 0.375 0.2109375
vt 0.640625 0.2109375
vt 0.640625 0.046875
vt 0.375 0.046875
vt 0.375 0.2109375
vt 0.375 0.2109375
vt 0.375 0.046875
vt 0.375 0.046875
vt 0.109375 0.2109375
vt 0.375 0.2109375
vt 0.375 0.046875
vt 0.109375 0.046875
vt 0.109375 0.2109375
vt 0.109375 0.2109375
vt 0.109375 0.046875
vt 0.109375 0.046875
vt 0.109375 0.2109375
vt 0.375 0.2109375
vt 0.375 0.2109375
vt 0.109375 0.2109375
vt 0.375 0.2109375
vt 0.640625 0.2109375
vt 0.640625 0.2109375
vt 0.375 0.2109375
vn -0.5729911299925533 -0.7343474177399684 -0.3638887673568632
vn 0.8062032200890114 -0.5848840738067549 -0.08914588114615084
vn 0.5729911299925533 0.7343474177399684 0.3638887673568632
vn -0.8062032200890114 0.5848840738067549 0.08914588114615084
vn 0.1473686970423708 0.3444480951694392 -0.9271666392111932
vn -0.1473686970423708 -0.3444480951694392 0.9271666392111932
usemtl m_a88e312f-6483-c966-cca2-c43494a202bc
f 124/364/91 127/363/91 125/362/91 122/361/91
f 123/368/92 124/367/92 122/366/92 121/365/92
f 128/372/93 123/371/93 121/370/93 126/369/93
f 127/376/94 128/375/94 126/374/94 125/373/94
f 126/380/95 121/379/95 122/378/95 125/377/95
f 127/384/96 124/383/96 123/382/96 128/381/96
o leaf1
v 0.23395569375416492 5.704343354859288 -1.105045581780013
v 0.23395569375416492 5.704343354859288 -1.105045581780013
v 0.04053427888605346 5.2522552299494 0.11186063218467768
v 0.04053427888605346 5.2522552299494 0.11186063218467768
v -0.5758050277787328 5.111525807036146 -1.453988526765977
v -0.5758050277787328 5.111525807036146 -1.453988526765977
v -0.7692264426468443 4.659437682126257 -0.23708231280128605
v -0.7692264426468443 4.659437682126257 -0.23708231280128605
vt 0.640625 0.2109375
vt 0.90625 0.2109375
vt 0.90625 0.046875
vt 0.640625 0.046875
vt 0.640625 0.2109375
vt 0.640625 0.2109375
vt 0.640625 0.046875
vt 0.640625 0.046875
vt 0.375 0.2109375
vt 0.640625 0.2109375
vt 0.640625 0.046875
vt 0.375 0.046875
vt 0.375 0.2109375
vt 0.375 0.2109375
vt 0.375 0.046875
vt 0.375 0.046875
vt 0.375 0.2109375
vt 0.640625 0.2109375
vt 0.640625 0.2109375
vt 0.375 0.2109375
vt 0.640625 0.2109375
vt 0.90625 0.2109375
vt 0.90625 0.2109375
vt 0.640625 0.2109375
vn 0.63043142230949 -0.7550177824880911 -0.18028968326445888
vn 0.7621277379133156 0.5579459273629573 0.3284168893985541
vn -0.63043142230949 0.7550177824880911 0.18028968326445888
vn -0.7621277379133156 -0.5579459273629573 -0.3284168893985541
vn 0.14736869704237074 0.34444809516943925 -0.9271666392111932
vn -0.14736869704237074 -0.34444809516943925 0.9271666392111932
usemtl m_a88e312f-6483-c966-cca2-c43494a202bc
f 132/388/97 135/387/97 133/386/97 130/385/97
f 131/392/98 132/391/98 130/390/98 129/389/98
f 136/396/99 131/395/99 129/394/99 134/393/99
f 135/400/100 136/399/100 134/398/100 133/397/100
f 134/404/101 129/403/101 130/402/101 133/401/101
f 135/408/102 132/407/102 131/406/102 136/405/102
o leaf2
v 1.1112452224836276 5.209785559862439 -2.1048593696575217
v 1.1112452224836276 5.209785559862439 -2.1048593696575217
v 1.0889138034907873 5.047983850857907 -1.2452393869390073
v 1.0889138034907873 5.047983850857907 -1.2452393869390073
v 0.254654301139053 5.831224888282116 -2.0101418709397363
v 0.254654301139053 5.831224888282116 -2.0101418709397363
v 0.23232288214621274 5.669423179277584 -1.150521888221222
v 0.23232288214621274 5.669423179277584 -1.150521888221222
vt 0.375 0.328125
vt 0.640625 0.328125
vt 0.640625 0.21875
vt 0.375 0.21875
vt 0.375 0.328125
vt 0.375 0.328125
vt 0.375 0.21875
vt 0.375 0.21875
vt 0.109375 0.328125
vt 0.375 0.328125
vt 0.375 0.21875
vt 0.109375 0.21875
vt 0.109375 0.328125
vt 0.109375 0.328125
vt 0.109375 0.21875
vt 0.109375 0.21875
vt 0.109375 0.328125
vt 0.375 0.328125
vt 0.375 0.328125
vt 0.109375 0.328125
vt 0.375 0.328125
vt 0.640625 0.328125
vt 0.640625 0.328125
vt 0.375 0.328125
vn -0.5910879923865817 -0.7897573075396183 -0.1640072572911734
vn 0.8062032200890114 -0.5848840738067549 -0.0891458811461509
vn 0.5910879923865817 0.7897573075396183 0.1640072572911734
vn -0.8062032200890114 0.5848840738067549 0.0891458811461509
vn 0.025521621706103313 0.1849162388623222 -0.9824228373925878
vn -0.025521621706103313 -0.1849162388623222 0.9824228373925878
usemtl m_a88e312f-6483-c966-cca2-c43494a202bc
f 140/412/103 143/411/103 141/410/103 138/409/103
f 139/416/104 140/415/104 138/414/104 137/413/104
f 144/420/105 139/419/105 137/418/105 142/417/105
f 143/424/106 144/423/106 142/422/106 141/421/106
f 142/428/107 137/427/107 138/426/107 141/425/107
f 143/432/108 140/431/108 139/430/108 144/429/108
o leaf3
v 0.2538231993935037 5.868610883388441 -2.003126493981349
v 0.2538231993935037 5.868610883388441 -2.003126493981349
v 0.2314917804006634 5.706809174383909 -1.1435065112628346
v 0.2314917804006634 5.706809174383909 -1.1435065112628346
v -0.574510262602393 5.218926378193072 -2.146931811848737
v -0.574510262602393 5.218926378193072 -2.146931811848737
v -0.5968416815952333 5.05712466918854 -1.287311829130223
v -0.5968416815952333 5.05712466918854 -1.287311829130223
vt 0.640625 0.328125
vt 0.90625 0.328125
vt 0.90625 0.21875
vt 0.640625 0.21875
vt 0.640625 0.328125
vt 0.640625 0.328125
vt 0.640625 0.21875
vt 0.640625 0.21875
vt 0.375 0.328125
vt 0.640625 0.328125
vt 0.640625 0.21875
vt 0.375 0.21875
vt 0.375 0.328125
vt 0.375 0.328125
vt 0.375 0.21875
vt 0.375 0.21875
vt 0.375 0.328125
vt 0.640625 0.328125
vt 0.640625 0.328125
vt 0.375 0.328125
vt 0.640625 0.328125
vt 0.90625 0.328125
vt 0.90625 0.328125
vt 0.640625 0.328125
vn 0.6257476080117385 -0.7693589223182795 -0.12855652343169363
vn 0.7796079642314324 0.6114677695956416 0.13534618152224767
vn -0.6257476080117385 0.7693589223182795 0.12855652343169363
vn -0.7796079642314324 -0.6114677695956416 -0.13534618152224767
vn 0.025521621706103295 0.18491623886232214 -0.9824228373925878
vn -0.025521621706103295 -0.18491623886232214 0.9824228373925878
usemtl m_a88e312f-6483-c966-cca2-c43494a202bc
f 148/436/109 151/435/109 149/434/109 146/433/109
f 147/440/110 148/439/110 146/438/110 145/437/110
f 152/444/111 147/443/111 145/442/111 150/441/111
f 151/448/112 152/447/112 150/446/112 149/445/112
f 150/452/113 145/451/113 146/450/113 149/449/113
f 151/456/114 148/455/114 147/454/114 152/453/114
o leaf3
v 0.8854871885914698 5.090513596089642 -3.363993054571503
v 0.8854871885914698 5.090513596089642 -3.363993054571503
v 1.10443707265018 5.195723385700691 -2.0741682221075455
v 1.10443707265018 5.195723385700691 -2.0741682221075455
v 0.02889626724689534 5.711952924509319 -3.269275555853718
v 0.02889626724689534 5.711952924509319 -3.269275555853718
v 0.2478461513056053 5.817162714120368 -1.9794507233897605
v 0.2478461513056053 5.817162714120368 -1.9794507233897605
vt 0.375 0.5
vt 0.640625 0.5
vt 0.640625 0.3359375
vt 0.375 0.3359375
vt 0.375 0.5
vt 0.375 0.5
vt 0.375 0.3359375
vt 0.375 0.3359375
vt 0.109375 0.5
vt 0.375 0.5
vt 0.375 0.3359375
vt 0.109375 0.3359375
vt 0.109375 0.5
vt 0.109375 0.5
vt 0.109375 0.3359375
vt 0.109375 0.3359375
vt 0.109375 0.5
vt 0.375 0.5
vt 0.375 0.5
vt 0.109375 0.5
vt 0.375 0.5
vt 0.640625 0.5
vt 0.640625 0.5
vt 0.375 0.5
vn -0.5676335109398527 -0.8071462199043609 0.16219487338444946
vn 0.8062032200890115 -0.584884073806755 -0.08914588114615088
vn 0.5676335109398527 0.8071462199043609 -0.16219487338444946
vn -0.8062032200890115 0.584884073806755 0.08914588114615088
vn -0.16681895928282656 -0.08015983970365612 -0.9827236818773011
vn 0.16681895928282656 0.08015983970365612 0.9827236818773011
usemtl m_a88e312f-6483-c966-cca2-c43494a202bc
f 156/460/115 159/459/115 157/458/115 154/457/115
f 155/464/116 156/463/116 154/462/116 153/461/116
f 160/468/117 155/467/117 153/466/117 158/465/117
f 159/472/118 160/471/118 158/470/118 157/469/118
f 158/476/119 153/475/119 154/474/119 157/473/119
f 159/480/120 156/479/120 155/478/120 160/477/120
o leaf3
v 0.02735718772642831 5.749863807088095 -3.272106649352316
v 0.02735718772642831 5.749863807088095 -3.272106649352316
v 0.24630707178513828 5.855073596699144 -1.9822818168883585
v 0.24630707178513828 5.855073596699144 -1.9822818168883585
v -0.7769050299222678 5.082333127829384 -3.0811319716822023
v -0.7769050299222678 5.082333127829384 -3.0811319716822023
v -0.5579551458635578 5.187542917440433 -1.7913071392182451
v -0.5579551458635578 5.187542917440433 -1.7913071392182451
vt 0.640625 0.5
vt 0.90625 0.5
vt 0.90625 0.3359375
vt 0.640625 0.3359375
vt 0.640625 0.5
vt 0.640625 0.5
vt 0.640625 0.3359375
vt 0.640625 0.3359375
vt 0.375 0.5
vt 0.640625 0.5
vt 0.640625 0.3359375
vt 0.375 0.3359375
vt 0.375 0.5
vt 0.375 0.5
vt 0.375 0.3359375
vt 0.375 0.3359375
vt 0.375 0.5
vt 0.640625 0.5
vt 0.640625 0.5
vt 0.375 0.5
vt 0.640625 0.5
vt 0.90625 0.5
vt 0.90625 0.5
vt 0.640625 0.5
vn 0.6318180766462785 -0.7738595056007828 -0.0441291696535249
vn 0.756952675434067 0.6282641687140821 -0.1797408731012834
vn -0.6318180766462785 0.7738595056007828 0.0441291696535249
vn -0.756952675434067 -0.6282641687140821 0.1797408731012834
vn -0.16681895928282658 -0.08015983970365614 -0.9827236818773011
vn 0.16681895928282658 0.08015983970365614 0.9827236818773011
usemtl m_a88e312f-6483-c966-cca2-c43494a202bc
f 164/484/121 167/483/121 165/482/121 162/481/121
f 163/488/122 164/487/122 162/486/122 161/485/122
f 168/492/123 163/491/123 161/490/123 166/489/123
f 167/496/124 168/495/124 166/494/124 165/493/124
f 166/500/125 161/499/125 162/498/125 165/497/125
f 167/504/126 164/503/126 163/502/126 168/501/126
o leaf4
v 0.28386117837033825 4.5634925802640955 -4.412152182454838
v 0.28386117837033825 4.5634925802640955 -4.412152182454838
v 0.810955430330321 5.12831909038034 -3.3511154663037654
v 0.810955430330321 5.12831909038034 -3.3511154663037654
v -0.5727297429742362 5.184931908683772 -4.317434683737052
v -0.5727297429742362 5.184931908683772 -4.317434683737052
v -0.04563549101425348 5.749758418800017 -3.2563979675859804
v -0.04563549101425348 5.749758418800017 -3.2563979675859804
vt 0.375 0.6640625
vt 0.640625 0.6640625
vt 0.640625 0.5
vt 0.375 0.5
vt 0.375 0.6640625
vt 0.375 0.6640625
vt 0.375 0.5
vt 0.375 0.5
vt 0.109375 0.6640625
vt 0.375 0.6640625
vt 0.375 0.5
vt 0.109375 0.5
vt 0.109375 0.6640625
vt 0.109375 0.6640625
vt 0.109375 0.5
vt 0.109375 0.5
vt 0.109375 0.6640625
vt 0.375 0.6640625
vt 0.375 0.6640625
vt 0.109375 0.6640625
vt 0.375 0.6640625
vt 0.640625 0.6640625
vt 0.640625 0.6640625
vt 0.375 0.6640625
vn -0.43446211052340006 -0.6875424752241589 0.5818316073248255
vn 0.8062032200890114 -0.5848840738067549 -0.08914588114615087
vn 0.43446211052340006 0.6875424752241589 -0.5818316073248255
vn -0.8062032200890114 0.5848840738067549 0.08914588114615087
vn -0.4015956205409393 -0.43034400770761466 -0.808408926591293
vn 0.4015956205409393 0.43034400770761466 0.808408926591293
usemtl m_a88e312f-6483-c966-cca2-c43494a202bc
f 172/508/127 175/507/127 173/506/127 170/505/127
f 171/512/128 172/511/128 170/510/128 169/509/128
f 176/516/129 171/515/129 169/514/129 174/513/129
f 175/520/130 176/519/130 174/518/130 173/517/130
f 174/524/131 169/523/131 170/522/131 173/521/131
f 175/528/132 172/527/132 171/526/132 176/525/132
o leaf3
v -0.4271255215944146 5.109566766705683 -4.349647440847379
v -0.4271255215944146 5.109566766705683 -4.349647440847379
v 0.09996873036556825 5.6743932768219265 -3.288610724696307
v 0.09996873036556825 5.6743932768219265 -3.288610724696307
v -1.0947144417854782 4.56478495186234 -3.7280011926851926
v -1.0947144417854782 4.56478495186234 -3.7280011926851926
v -0.5676201898254954 5.129611461978584 -2.6669644765341207
v -0.5676201898254954 5.129611461978584 -2.6669644765341207
vt 0.640625 0.6640625
vt 0.90625 0.6640625
vt 0.90625 0.5
vt 0.640625 0.5
vt 0.640625 0.6640625
vt 0.640625 0.6640625
vt 0.640625 0.5
vt 0.640625 0.5
vt 0.375 0.6640625
vt 0.640625 0.6640625
vt 0.640625 0.5
vt 0.375 0.5
vt 0.375 0.6640625
vt 0.375 0.6640625
vt 0.375 0.5
vt 0.375 0.5
vt 0.375 0.6640625
vt 0.640625 0.6640625
vt 0.640625 0.6640625
vt 0.375 0.6640625
vt 0.640625 0.6640625
vt 0.90625 0.6640625
vt 0.90625 0.6640625
vt 0.640625 0.6640625
vn 0.6662853835053941 -0.7429037676833303 0.0644808474586258
vn 0.6283189837092367 0.5127358257349113 -0.585078821799705
vn -0.6662853835053941 0.7429037676833303 -0.0644808474586258
vn -0.6283189837092367 -0.5127358257349113 0.585078821799705
vn -0.4015956205409393 -0.43034400770761466 -0.8084089265912929
vn 0.4015956205409393 0.43034400770761466 0.8084089265912929
usemtl m_a88e312f-6483-c966-cca2-c43494a202bc
f 180/532/133 183/531/133 181/530/133 178/529/133
f 179/536/134 180/535/134 178/534/134 177/533/134
f 184/540/135 179/539/135 177/538/135 182/537/135
f 183/544/136 184/543/136 182/542/136 181/541/136
f 182/548/137 177/547/137 178/546/137 181/545/137
f 183/552/138 180/551/138 179/550/138 184/549/138
o leaf1
v -1.1198936110933755 5.461665260790738 1.0564900946703077
v -1.1198936110933755 5.461665260790738 1.0564900946703077
v 0.060470476111738475 4.918520942850266 0.8710416610683542
v 0.060470476111738475 4.918520942850266 0.8710416610683542
v -1.146757945959014 5.752119267205773 0.034814496611079354
v -1.146757945959014 5.752119267205773 0.034814496611079354
v 0.033606141246099945 5.208974949265301 -0.15063393699087418
v 0.033606141246099945 5.208974949265301 -0.15063393699087418
vt 0.375 0.2109375
vt 0.640625 0.2109375
vt 0.640625 0.046875
vt 0.375 0.046875
vt 0.375 0.2109375
vt 0.375 0.2109375
vt 0.375 0.046875
vt 0.375 0.046875
vt 0.109375 0.2109375
vt 0.375 0.2109375
vt 0.375 0.046875
vt 0.109375 0.046875
vt 0.109375 0.2109375
vt 0.109375 0.2109375
vt 0.109375 0.046875
vt 0.109375 0.046875
vt 0.109375 0.2109375
vt 0.375 0.2109375
vt 0.375 0.2109375
vt 0.109375 0.2109375
vt 0.375 0.2109375
vt 0.640625 0.2109375
vt 0.640625 0.2109375
vt 0.375 0.2109375
vn 0.43654922497246496 0.8683427736334421 0.2353839451927867
vn 0.025284079873542163 -0.2733684766259144 0.9615770334675092
vn -0.43654922497246496 -0.8683427736334421 -0.2353839451927867
vn -0.025284079873542163 0.2733684766259144 -0.9615770334675092
vn -0.899325018822944 0.41382424224035935 0.14129404464910741
vn 0.899325018822944 -0.41382424224035935 -0.14129404464910741
usemtl m_a88e312f-6483-c966-cca2-c43494a202bc
f 188/556/139 191/555/139 189/554/139 186/553/139
f 187/560/140 188/559/140 186/558/140 185/557/140
f 192/564/141 187/563/141 185/562/141 190/561/141
f 191/568/142 192/567/142 190/566/142 189/565/142
f 190/572/143 185/571/143 186/570/143 189/569/143
f 191/576/144 188/575/144 187/574/144 192/573/144
o leaf1
v -1.1341662558338563 5.784662085125451 0.01964765067302987
v -1.1341662558338563 5.784662085125451 0.01964765067302987
v 0.04619783137125766 5.2415177671849795 -0.16580078292892364
v 0.04619783137125766 5.2415177671849795 -0.16580078292892364
v -1.5891480549548553 4.968660282271411 -0.48635518549251633
v -1.5891480549548553 4.968660282271411 -0.48635518549251633
v -0.40878396774974146 4.42551596433094 -0.6718036190944698
v -0.40878396774974146 4.42551596433094 -0.6718036190944698
vt 0.640625 0.2109375
vt 0.90625 0.2109375
vt 0.90625 0.046875
vt 0.640625 0.046875
vt 0.640625 0.2109375
vt 0.640625 0.2109375
vt 0.640625 0.046875
vt 0.640625 0.046875
vt 0.375 0.2109375
vt 0.640625 0.2109375
vt 0.640625 0.046875
vt 0.375 0.046875
vt 0.375 0.2109375
vt 0.375 0.2109375
vt 0.375 0.046875
vt 0.375 0.046875
vt 0.375 0.2109375
vt 0.640625 0.2109375
vt 0.640625 0.2109375
vt 0.375 0.2109375
vt 0.640625 0.2109375
vt 0.90625 0.2109375
vt 0.90625 0.2109375
vt 0.640625 0.2109375
vn 0.08856474831197089 0.488797391810425 -0.8678901976147461
vn 0.4282181638785875 0.7680016968038016 0.47623796344992597
vn -0.08856474831197089 -0.488797391810425 0.8678901976147461
vn -0.4282181638785875 -0.7680016968038016 -0.47623796344992597
vn -0.899325018822944 0.4138242422403593 0.14129404464910744
vn 0.899325018822944 -0.4138242422403593 -0.14129404464910744
usemtl m_a88e312f-6483-c966-cca2-c43494a202bc
f 196/580/145 199/579/145 197/578/145 194/577/145
f 195/584/146 196/583/146 194/582/146 193/581/146
f 200/588/147 195/587/147 193/586/147 198/585/147
f 199/592/148 200/591/148 198/590/148 197/589/148
f 198/596/149 193/595/149 194/594/149 197/593/149
f 199/600/150 196/599/150 195/598/150 200/597/150
o leaf2
v -2.0013812118728636 5.659709560702932 1.135970644659619
v -2.0013812118728636 5.659709560702932 1.135970644659619
v -1.152429138096339 5.462798340386207 1.057667721700663
v -1.152429138096339 5.462798340386207 1.057667721700663
v -2.028245546738502 5.950163567117967 0.11429504660039053
v -2.028245546738502 5.950163567117967 0.11429504660039053
v -1.1792934729619773 5.753252346801241 0.03599212364143445
v -1.1792934729619773 5.753252346801241 0.03599212364143445
vt 0.375 0.328125
vt 0.640625 0.328125
vt 0.640625 0.21875
vt 0.375 0.21875
vt 0.375 0.328125
vt 0.375 0.328125
vt 0.375 0.21875
vt 0.375 0.21875
vt 0.109375 0.328125
vt 0.375 0.328125
vt 0.375 0.21875
vt 0.109375 0.21875
vt 0.109375 0.328125
vt 0.109375 0.328125
vt 0.109375 0.21875
vt 0.109375 0.21875
vt 0.109375 0.328125
vt 0.375 0.328125
vt 0.375 0.328125
vt 0.109375 0.328125
vt 0.375 0.328125
vt 0.640625 0.328125
vt 0.640625 0.328125
vt 0.375 0.328125
vn 0.24085812326088005 0.9352144388760534 0.25954058984481687
vn 0.025284079873542156 -0.27336847662591435 0.9615770334675091
vn -0.24085812326088005 -0.9352144388760534 -0.25954058984481687
vn -0.025284079873542156 0.27336847662591435 -0.9615770334675091
vn -0.9702309414588854 0.22504139464768605 0.0894890548102355
vn 0.9702309414588854 -0.22504139464768605 -0.0894890548102355
usemtl m_a88e312f-6483-c966-cca2-c43494a202bc
f 204/604/151 207/603/151 205/602/151 202/601/151
f 203/608/152 204/607/152 202/606/152 201/605/152
f 208/612/153 203/611/153 201/610/153 206/609/153
f 207/616/154 208/615/154 206/614/154 205/613/154
f 206/620/155 201/619/155 202/618/155 205/617/155
f 207/624/156 204/623/156 203/622/156 208/621/156
o leaf3
v -2.021560827998562 5.984724918377256 0.09985737336091743
v -2.021560827998562 5.984724918377256 0.09985737336091743
v -1.1726087542220376 5.78781369806053 0.02155445040196135
v -1.1726087542220376 5.78781369806053 0.02155445040196135
v -2.2757056000221505 5.100092981976454 -0.4309373345562256
v -2.2757056000221505 5.100092981976454 -0.4309373345562256
v -1.4267535262456257 4.903181761659728 -0.5092402575151818
v -1.4267535262456257 4.903181761659728 -0.5092402575151818
vt 0.640625 0.328125
vt 0.90625 0.328125
vt 0.90625 0.21875
vt 0.640625 0.21875
vt 0.640625 0.328125
vt 0.640625 0.328125
vt 0.640625 0.21875
vt 0.640625 0.21875
vt 0.375 0.328125
vt 0.640625 0.328125
vt 0.640625 0.21875
vt 0.375 0.21875
vt 0.375 0.328125
vt 0.375 0.328125
vt 0.375 0.21875
vt 0.375 0.21875
vt 0.375 0.328125
vt 0.640625 0.328125
vt 0.640625 0.328125
vt 0.375 0.328125
vt 0.640625 0.328125
vt 0.90625 0.328125
vt 0.90625 0.328125
vt 0.640625 0.328125
vn 0.03791614635089774 0.5061050584632447 -0.8616379957057446
vn 0.23919507955161248 0.8325947636713433 0.49957148980436994
vn -0.03791614635089774 -0.5061050584632447 0.8616379957057446
vn -0.23919507955161248 -0.8325947636713433 -0.49957148980436994
vn -0.9702309414588854 0.22504139464768602 0.08948905481023552
vn 0.9702309414588854 -0.22504139464768602 -0.08948905481023552
usemtl m_a88e312f-6483-c966-cca2-c43494a202bc
f 212/628/157 215/627/157 213/626/157 210/625/157
f 211/632/158 212/631/158 210/630/158 209/629/158
f 216/636/159 211/635/159 209/634/159 214/633/159
f 215/640/160 216/639/160 214/638/160 213/637/160
f 214/644/161 209/643/161 210/642/161 213/641/161
f 215/648/162 212/647/162 211/646/162 216/645/162
o leaf3
v -3.279137126338484 5.525806712472206 1.131500971521767
v -3.279137126338484 5.525806712472206 1.131500971521767
v -1.971867405008026 5.6428576491122575 1.1304037366911364
v -1.971867405008026 5.6428576491122575 1.1304037366911364
v -3.306001461204122 5.816260718887239 0.1098253734625386
v -3.306001461204122 5.816260718887239 0.1098253734625386
v -1.9987317398736646 5.933311655527292 0.10872813863190794
v -1.9987317398736646 5.933311655527292 0.10872813863190794
vt 0.375 0.5
vt 0.640625 0.5
vt 0.640625 0.3359375
vt 0.375 0.3359375
vt 0.375 0.5
vt 0.375 0.5
vt 0.375 0.3359375
vt 0.375 0.3359375
vt 0.109375 0.5
vt 0.375 0.5
vt 0.375 0.3359375
vt 0.109375 0.3359375
vt 0.109375 0.5
vt 0.109375 0.5
vt 0.109375 0.3359375
vt 0.109375 0.3359375
vt 0.109375 0.5
vt 0.375 0.5
vt 0.375 0.5
vt 0.109375 0.5
vt 0.375 0.5
vt 0.640625 0.5
vt 0.640625 0.5
vt 0.375 0.5
vn -0.08552650895602604 0.9577663109729043 0.27453398665948264
vn 0.025284079873542163 -0.2733684766259144 0.9615770334675092
vn 0.08552650895602604 -0.9577663109729043 -0.27453398665948264
vn -0.025284079873542163 0.2733684766259144 -0.9615770334675092
vn -0.9960150257755871 -0.08918166601146822 0.0008359884423852391
vn 0.9960150257755871 0.08918166601146822 -0.0008359884423852391
