# Made in Blockbench 4.12.4
mtllib coqueirinhos.mtl

o leaf-3-1-A
v -1.1143530865975708 5.415801702113306 1.3002154537593429
v -1.0272160902999157 4.824291711218807 0.5672743987124786
v -0.20688641175404732 4.907434969496614 1.8183716125011515
v -0.11974941545639206 4.315924978602115 1.0854305574542873
v -1.0272160902999157 4.824291711218807 0.5672743987124786
v -1.1143530865975708 5.415801702113306 1.3002154537593429
v -0.11974941545639206 4.315924978602115 1.0854305574542873
v -0.20688641175404732 4.907434969496614 1.8183716125011515
vt 0.6171875 0.28515625
vt 0.6171875 0.28515625
vt 0.6171875 0.1171875
vt 0.6171875 0.1171875
vt 0.34375 0.28515625
vt 0.6171875 0.28515625
vt 0.6171875 0.1171875
vt 0.34375 0.1171875
vt 0.34375 0.28515625
vt 0.34375 0.28515625
vt 0.34375 0.1171875
vt 0.34375 0.1171875
vt 0.0703125 0.28515625
vt 0.34375 0.28515625
vt 0.34375 0.1171875
vt 0.0703125 0.1171875
vt 0.34375 0.421875
vt 0.34375 0.421875
vt 0.34375 0.28515625
vt 0.34375 0.28515625
vt 0.34375 0.421875
vt 0.34375 0.421875
vt 0.34375 0.28515625
vt 0.34375 0.28515625
vn 0.09212316246613476 -0.625357463612528 -0.7748815171633301
vn 0.6178231234914919 0.6461831962416472 -0.44804225802277386
vn -0.09212316246613476 0.625357463612528 0.7748815171633301
vn -0.6178231234914919 -0.6461831962416472 0.44804225802277386
vn -0.7809019855375288 0.43746464954214864 -0.4458887410380644
vn 0.7809019855375288 -0.43746464954214864 0.4458887410380644
usemtl m_c1f585c4-3d0d-03f2-3285-b2125a466f0a
f 4/4/1 7/3/1 5/2/1 2/1/1
f 3/8/2 4/7/2 2/6/2 1/5/2
f 8/12/3 3/11/3 1/10/3 6/9/3
f 7/16/4 8/15/4 6/14/4 5/13/4
f 6/20/5 1/19/5 2/18/5 5/17/5
f 7/24/6 4/23/6 3/22/6 8/21/6
o leaf-3-1-B
v -1.6978746068753883 4.900589505989277 1.816681518375001
v -1.1071587813026182 5.431840971087876 1.3033529589966295
v -0.7904079320318645 4.392222773372585 2.3348376771168096
v -0.1996921064590943 4.923474238471184 1.8215091177384382
v -1.1071587813026182 5.431840971087876 1.3033529589966295
v -1.6978746068753883 4.900589505989277 1.816681518375001
v -0.1996921064590943 4.923474238471184 1.8215091177384382
v -0.7904079320318645 4.392222773372585 2.3348376771168096
vt 0.2421875 0.23828125
vt 0.2421875 0.23828125
vt 0.2421875 0.0703125
vt 0.2421875 0.0703125
vt 0.0546875 0.28515625
vt 0.328125 0.28515625
vt 0.328125 0.1171875
vt 0.0546875 0.1171875
vt 0.1171875 0.23828125
vt 0.1171875 0.23828125
vt 0.1171875 0.0703125
vt 0.1171875 0.0703125
vt 0.34375 0.28515625
vt 0.6171875 0.28515625
vt 0.6171875 0.1171875
vt 0.34375 0.1171875
vt 0.1171875 0.30078125
vt 0.1171875 0.30078125
vt 0.1171875 0.1640625
vt 0.1171875 0.1640625
vt 0.1171875 0.30078125
vt 0.1171875 0.30078125
vt 0.1171875 0.1640625
vt 0.1171875 0.1640625
vn 0.624517854444583 0.5616508154868228 -0.542702322588472
vn -0.01302069366354558 0.7022628011392544 0.7117987213198462
vn -0.624517854444583 -0.5616508154868228 0.542702322588472
vn 0.01302069366354558 -0.7022628011392544 -0.7117987213198462
vn -0.7809019855375291 0.43746464954214875 -0.4458887410380646
vn 0.7809019855375291 -0.43746464954214875 0.4458887410380646
usemtl m_c1f585c4-3d0d-03f2-3285-b2125a466f0a
f 12/28/7 15/27/7 13/26/7 10/25/7
f 11/32/8 12/31/8 10/30/8 9/29/8
f 16/36/9 11/35/9 9/34/9 14/33/9
f 15/40/10 16/39/10 14/38/10 13/37/10
f 14/44/11 9/43/11 10/42/11 13/41/11
f 15/48/12 12/47/12 11/46/12 16/45/12
o leaf-3-2-B
v -2.184866224432186 5.180621448738667 1.7217980002579
v -1.671580220268381 5.821371770971879 0.9776905462483401
v -1.5299306452018469 5.080489221173672 2.0873493838705057
v -1.0166446410380419 5.721239543406884 1.3432419298609457
v -1.671580220268381 5.821371770971879 0.9776905462483401
v -2.184866224432186 5.180621448738667 1.7217980002579
v -1.0166446410380419 5.721239543406884 1.3432419298609457
v -1.5299306452018469 5.080489221173672 2.0873493838705057
vt 0.3203125 0.3984375
vt 0.3203125 0.3984375
vt 0.3203125 0.2890625
vt 0.3203125 0.2890625
vt 0.0234375 0.3984375
vt 0.34375 0.3984375
vt 0.34375 0.2890625
vt 0.0234375 0.2890625
vt 0.1796875 0.3984375
vt 0.1796875 0.3984375
vt 0.1796875 0.2890625
vt 0.1796875 0.2890625
vt 0.34375 0.3984375
vt 0.6640625 0.3984375
vt 0.6640625 0.2890625
vt 0.34375 0.2890625
vt 0.1796875 0.46875
vt 0.1796875 0.46875
vt 0.1796875 0.30859375
vt 0.1796875 0.30859375
vt 0.1796875 0.46875
vt 0.1796875 0.46875
vt 0.1796875 0.30859375
vt 0.1796875 0.30859375
vn 0.4632440641355613 0.5782814667838828 -0.6715619719857946
vn -0.19049371494317033 0.8050341452447035 0.5618115071421018
vn -0.4632440641355613 -0.5782814667838828 0.6715619719857946
vn 0.19049371494317033 -0.8050341452447035 -0.5618115071421018
vn -0.8655155005026302 0.13232751098849663 -0.4830862741015016
vn 0.8655155005026302 -0.13232751098849663 0.4830862741015016
usemtl m_c1f585c4-3d0d-03f2-3285-b2125a466f0a
f 20/52/13 23/51/13 21/50/13 18/49/13
f 19/56/14 20/55/14 18/54/14 17/53/14
f 24/60/15 19/59/15 17/58/15 22/57/15
f 23/64/16 24/63/16 22/62/16 21/61/16
f 22/68/17 17/67/17 18/66/17 21/65/17
f 23/72/18 20/71/18 19/70/18 24/69/18
o leaf-3-2-A
v -1.677332327398134 5.855224756041628 0.9972689104295074
v -1.3490171807558353 5.143495466278127 0.21408950365032847
v -1.0223967517878865 5.755092515424512 1.3628202969527567
v -0.6940816051455876 5.043363225661011 0.5796408901735779
v -1.3490171807558353 5.143495466278127 0.21408950365032847
v -1.677332327398134 5.855224756041628 0.9972689104295074
v -0.6940816051455876 5.043363225661011 0.5796408901735779
v -1.0223967517878865 5.755092515424512 1.3628202969527567
vt 0.6640625 0.3984375
vt 0.6640625 0.3984375
vt 0.6640625 0.2890625
vt 0.6640625 0.2890625
vt 0.34375 0.3984375
vt 0.6640625 0.3984375
vt 0.6640625 0.2890625
vt 0.34375 0.2890625
vt 0.34375 0.3984375
vt 0.34375 0.3984375
vt 0.34375 0.2890625
vt 0.34375 0.2890625
vt 0.0234375 0.3984375
vt 0.34375 0.3984375
vt 0.34375 0.2890625
vt 0.0234375 0.2890625
vt 0.34375 0.55859375
vt 0.34375 0.55859375
vt 0.34375 0.3984375
vt 0.34375 0.3984375
vt 0.34375 0.55859375
vt 0.34375 0.55859375
vt 0.34375 0.3984375
vt 0.34375 0.3984375
vn 0.296306623625188 -0.6423404614187422 -0.7068246716267043
vn 0.4038382243756363 0.7549093699875377 -0.5167460997803004
vn -0.296306623625188 0.6423404614187422 0.7068246716267043
vn -0.4038382243756363 -0.7549093699875377 0.5167460997803004
vn -0.8655154957185773 0.13232752823723515 -0.48308627794799697
vn 0.8655154957185773 -0.13232752823723515 0.48308627794799697
usemtl m_c1f585c4-3d0d-03f2-3285-b2125a466f0a
f 28/76/19 31/75/19 29/74/19 26/73/19
f 27/80/20 28/79/20 26/78/20 25/77/20
f 32/84/21 27/83/21 25/82/21 30/81/21
f 31/88/22 32/87/22 30/86/22 29/85/22
f 30/92/23 25/91/23 26/90/23 29/89/23
f 31/96/24 28/95/24 27/94/24 32/93/24
o leaf-3-3-A
v -2.568676992531337 5.985759730088495 0.4891717486551217
v -1.9407304585013785 5.312631484443035 -0.2635169820390645
v -1.7010400464584925 6.2682892827193335 0.960350572669534
v -1.0730935124285337 5.595161037073873 0.20766184197534776
v -1.9407304585013785 5.312631484443035 -0.2635169820390645
v -2.568676992531337 5.985759730088495 0.4891717486551217
v -1.0730935124285337 5.595161037073873 0.20766184197534776
v -1.7010400464584925 6.2682892827193335 0.960350572669534
vt 0.6875 0.55078125
vt 0.6875 0.55078125
vt 0.6875 0.40234375
vt 0.6875 0.40234375
vt 0.34375 0.55078125
vt 0.6875 0.55078125
vt 0.6875 0.40234375
vt 0.34375 0.40234375
vt 0.34375 0.55078125
vt 0.34375 0.55078125
vt 0.34375 0.40234375
vt 0.34375 0.40234375
vt 0 0.55078125
vt 0.34375 0.55078125
vt 0.34375 0.40234375
vt 0 0.40234375
vt 0.34375 0.72265625
vt 0.34375 0.72265625
vt 0.34375 0.55078125
vt 0.34375 0.55078125
vt 0.34375 0.72265625
vt 0.34375 0.72265625
vt 0.34375 0.55078125
vt 0.34375 0.55078125
vn 0.5280855554873086 -0.5660821172697512 -0.6329902705358562
vn 0.08558103934620089 0.7770860083110788 -0.6235488925429811
vn -0.5280855554873086 0.5660821172697512 0.6329902705358562
vn -0.08558103934620089 -0.7770860083110788 0.6235488925429811
vn -0.8448677599423976 -0.2751151980435652 -0.45881379231161473
vn 0.8448677599423976 0.2751151980435652 0.45881379231161473
usemtl m_c1f585c4-3d0d-03f2-3285-b2125a466f0a
f 36/100/25 39/99/25 37/98/25 34/97/25
f 35/104/26 36/103/26 34/102/26 33/101/26
f 40/108/27 35/107/27 33/106/27 38/105/27
f 39/112/28 40/111/28 38/110/28 37/109/28
f 38/116/29 33/115/29 34/114/29 37/113/29
f 39/120/30 36/119/30 35/118/30 40/117/30
o leaf-3-3-B
v -2.8982961600862245 5.394149446171543 1.4508793954657684
v -2.548775385112011 5.9623745411367075 0.46654496077740704
v -2.0306592232511083 5.676679034785152 1.9220582149146048
v -1.6811384482768945 6.244904129750317 0.9377237802262435
v -2.548775385112011 5.9623745411367075 0.46654496077740704
v -2.8982961600862245 5.394149446171543 1.4508793954657684
v -1.6811384482768945 6.244904129750317 0.9377237802262435
v -2.0306592232511083 5.676679034785152 1.9220582149146048
vt 0.3203125 0.55078125
vt 0.3203125 0.55078125
vt 0.3203125 0.40234375
vt 0.3203125 0.40234375
vt 0 0.55078125
vt 0.34375 0.55078125
vt 0.34375 0.40234375
vt 0 0.40234375
vt 0.1796875 0.55078125
vt 0.1796875 0.55078125
vt 0.1796875 0.40234375
vt 0.1796875 0.40234375
vt 0.34375 0.55078125
vt 0.6875 0.55078125
vt 0.6875 0.40234375
vt 0.34375 0.40234375
vt 0.1796875 0.62109375
vt 0.1796875 0.62109375
vt 0.1796875 0.44921875
vt 0.1796875 0.44921875
vt 0.1796875 0.62109375
vt 0.1796875 0.62109375
vt 0.1796875 0.44921875
vt 0.1796875 0.44921875
vn 0.29393724243058905 0.47786148765046255 -0.827797859463763
vn -0.4469892402753134 0.8342421753583892 0.32286314737269256
vn -0.29393724243058905 -0.47786148765046255 0.827797859463763
vn 0.4469892402753134 -0.8342421753583892 -0.32286314737269256
vn -0.844867750947093 -0.2751152330820483 -0.45881378786585214
vn 0.844867750947093 0.2751152330820483 0.45881378786585214
usemtl m_c1f585c4-3d0d-03f2-3285-b2125a466f0a
f 44/124/31 47/123/31 45/122/31 42/121/31
f 43/128/32 44/127/32 42/126/32 41/125/32
f 48/132/33 43/131/33 41/130/33 46/129/33
f 47/136/34 48/135/34 46/134/34 45/133/34
f 46/140/35 41/139/35 42/138/35 45/137/35
f 47/144/36 44/143/36 43/142/36 48/141/36
o leaf-3-4-A
v -3.5315041553101665 4.617072140187345 0.8596756784408579
v -3.6322096419459378 5.283372729090609 -0.05369195438209973
v -2.6298907713478745 5.4150670828343355 1.3424025343023374
v -2.7305962579836462 6.081367671737599 0.42903490147937995
v -3.6322096419459378 5.283372729090609 -0.05369195438209973
v -3.5315041553101665 4.617072140187345 0.8596756784408579
v -2.7305962579836462 6.081367671737599 0.42903490147937995
v -2.6298907713478745 5.4150670828343355 1.3424025343023374
vt 0.2890625 0.7421875
vt 0.2890625 0.7421875
vt 0.2890625 0.5546875
vt 0.2890625 0.5546875
vt 0.015625 0.7421875
vt 0.34375 0.7421875
vt 0.34375 0.5546875
vt 0.015625 0.5546875
vt 0.1796875 0.7421875
vt 0.1796875 0.7421875
vt 0.1796875 0.5546875
vt 0.1796875 0.5546875
vt 0.3515625 0.73828125
vt 0.6796875 0.73828125
vt 0.6796875 0.55078125
vt 0.3515625 0.55078125
vt 0.1796875 0.796875
vt 0.1796875 0.796875
vt 0.1796875 0.6328125
vt 0.1796875 0.6328125
vt 0.1796875 0.796875
vt 0.1796875 0.796875
vt 0.1796875 0.6328125
vt 0.1796875 0.6328125
vn -0.08872339248118734 0.5870231169580766 -0.8046937428509393
vn -0.7134700591596518 0.5262823652877785 0.4625876637674468
vn 0.08872339248118734 -0.5870231169580766 0.8046937428509393
vn 0.7134700591596518 -0.5262823652877785 -0.4625876637674468
vn -0.6950457785709887 -0.615167239166656 -0.37212986113280705
vn 0.6950457785709887 0.615167239166656 0.37212986113280705
usemtl m_c1f585c4-3d0d-03f2-3285-b2125a466f0a
f 52/148/37 55/147/37 53/146/37 50/145/37
f 51/152/38 52/151/38 50/150/38 49/149/38
f 56/156/39 51/155/39 49/154/39 54/153/39
f 55/160/40 56/159/40 54/158/40 53/157/40
f 54/164/41 49/163/41 50/162/41 53/161/41
f 55/168/42 52/167/42 51/166/42 56/165/42
o leaf-3-4-B
v -3.6299602724213313 5.2693077689266605 -0.034642879125417414
v -2.813903468829733 4.596368052657882 -0.44639758047071987
v -2.728347011328778 6.067302870148374 0.4480839440864528
v -1.9122902077371795 5.394363153879595 0.03632924274115035
v -2.813903468829733 4.596368052657882 -0.44639758047071987
v -3.6299602724213313 5.2693077689266605 -0.034642879125417414
v -1.9122902077371795 5.394363153879595 0.03632924274115035
v -2.728347011328778 6.067302870148374 0.4480839440864528
vt 0.671875 0.7421875
vt 0.671875 0.7421875
vt 0.671875 0.5546875
vt 0.671875 0.5546875
vt 0.34375 0.7421875
vt 0.671875 0.7421875
vt 0.671875 0.5546875
vt 0.34375 0.5546875
vt 0.34375 0.7421875
vt 0.34375 0.7421875
vt 0.34375 0.5546875
vt 0.34375 0.5546875
vt 0.015625 0.7421875
vt 0.34375 0.7421875
vt 0.34375 0.5546875
vt 0.015625 0.5546875
vt 0.34375 0.90625
vt 0.34375 0.90625
vt 0.34375 0.7421875
vt 0.34375 0.7421875
vt 0.34375 0.90625
vt 0.34375 0.90625
vt 0.34375 0.7421875
vt 0.34375 0.7421875
vn 0.7189611061993725 -0.5928723107077041 -0.3627634917803642
vn -0.0025347843236223078 0.5196840777350646 -0.8543547472900752
vn -0.7189611061993725 0.5928723107077041 0.3627634917803642
vn 0.0025347843236223078 -0.5196840777350646 0.8543547472900752
vn -0.6950456838517932 -0.6151673614105053 -0.37212983596351135
vn 0.6950456838517932 0.6151673614105053 0.37212983596351135
usemtl m_c1f585c4-3d0d-03f2-3285-b2125a466f0a
f 60/172/43 63/171/43 61/170/43 58/169/43
f 59/176/44 60/175/44 58/174/44 57/173/44
f 64/180/45 59/179/45 57/178/45 62/177/45
f 63/184/46 64/183/46 62/182/46 61/181/46
f 62/188/47 57/187/47 58/186/47 61/185/47
f 63/192/48 60/191/48 59/190/48 64/189/48
o leaf-3-1-A
v -0.7528844970781863 5.468363381656481 1.5197620215038528
v -0.029575721016647905 4.927543420394334 1.2386611506447076
v -1.495058482717583 4.758169684874724 0.9764195938244025
v -0.7717497066560448 4.217349723612577 0.6953187229652573
v -0.029575721016647905 4.927543420394334 1.2386611506447076
v -0.7528844970781863 5.468363381656481 1.5197620215038528
v -0.7717497066560448 4.217349723612577 0.6953187229652573
v -1.495058482717583 4.758169684874724 0.9764195938244025
vt 0.6171875 0.28515625
vt 0.6171875 0.28515625
vt 0.6171875 0.1171875
vt 0.6171875 0.1171875
vt 0.34375 0.28515625
vt 0.6171875 0.28515625
vt 0.6171875 0.1171875
vt 0.34375 0.1171875
vt 0.34375 0.28515625
vt 0.34375 0.28515625
vt 0.34375 0.1171875
vt 0.34375 0.1171875
vt 0.0703125 0.28515625
vt 0.34375 0.28515625
vt 0.34375 0.1171875
vt 0.0703125 0.1171875
vt 0.34375 0.421875
vt 0.34375 0.421875
vt 0.34375 0.28515625
vt 0.34375 0.28515625
vt 0.34375 0.421875
vt 0.34375 0.421875
vt 0.34375 0.28515625
vt 0.34375 0.28515625
vn 0.7646980584765833 -0.5717668415616721 -0.2971860667203861
vn -0.08571349732551664 -0.547345624980137 0.8325058337281079
vn -0.7646980584765833 0.5717668415616721 0.2971860667203861
vn 0.08571349732551664 0.547345624980137 -0.8325058337281079
vn 0.6386627245568451 0.6111427375872949 0.46756227238297804
vn -0.6386627245568451 -0.6111427375872949 -0.46756227238297804
usemtl m_c1f585c4-3d0d-03f2-3285-b2125a466f0a
f 68/196/49 71/195/49 69/194/49 66/193/49
f 67/200/50 68/199/50 66/198/50 65/197/50
f 72/204/51 67/203/51 65/202/51 70/201/51
f 71/208/52 72/207/52 70/206/52 69/205/52
f 70/212/53 65/211/53 66/210/53 69/209/53
f 71/216/54 68/215/54 67/214/54 72/213/54
o leaf-3-1-B
v -0.9329151696142838 5.037498060505331 2.32884928474397
v -0.760758359962896 5.482445521385186 1.5121098492002774
v -1.6750891552536809 4.327304363723574 1.78550685706452
v -1.502932345602293 4.772251824603429 0.9687674215208273
v -0.760758359962896 5.482445521385186 1.5121098492002774
v -0.9329151696142838 5.037498060505331 2.32884928474397
v -1.502932345602293 4.772251824603429 0.9687674215208273
v -1.6750891552536809 4.327304363723574 1.78550685706452
vt 0.2421875 0.23828125
vt 0.2421875 0.23828125
vt 0.2421875 0.0703125
vt 0.2421875 0.0703125
vt 0.0546875 0.28515625
vt 0.328125 0.28515625
vt 0.328125 0.1171875
vt 0.0546875 0.1171875
vt 0.1171875 0.23828125
vt 0.1171875 0.23828125
vt 0.1171875 0.0703125
vt 0.1171875 0.0703125
vt 0.34375 0.2890625
vt 0.6171875 0.2890625
vt 0.6171875 0.12109375
vt 0.34375 0.12109375
vt 0.1171875 0.30078125
vt 0.1171875 0.30078125
vt 0.1171875 0.1640625
vt 0.1171875 0.1640625
vt 0.1171875 0.30078125
vt 0.1171875 0.30078125
vt 0.1171875 0.1640625
vt 0.1171875 0.1640625
vn 0.18200799223088432 0.4704083106962907 -0.8634750210584812
vn 0.7476516669049229 -0.6365693799753246 -0.1891993907287262
vn -0.18200799223088432 -0.4704083106962907 0.8634750210584812
vn -0.7476516669049229 0.6365693799753246 0.1891993907287262
vn 0.6386627245568451 0.611142737587295 0.467562272382978
vn -0.6386627245568451 -0.611142737587295 -0.467562272382978
usemtl m_c1f585c4-3d0d-03f2-3285-b2125a466f0a
f 76/220/55 79/219/55 77/218/55 74/217/55
f 75/224/56 76/223/56 74/222/56 73/221/56
f 80/228/57 75/227/57 73/226/57 78/225/57
f 79/232/58 80/231/58 78/230/58 77/229/58
f 78/236/59 73/235/59 74/234/59 77/233/59
f 79/240/60 76/239/60 75/238/60 80/237/60
o leaf-3-2-B
v -0.7034100614909509 5.412004908528304 2.691690350498161
v -0.30656667169703433 5.996190573971857 1.837897733469796
v -1.2696105010664538 5.161129180815772 2.256864728588391
v -0.8727671112725374 5.745314846259324 1.403072111560026
v -0.30656667169703433 5.996190573971857 1.837897733469796
v -0.7034100614909509 5.412004908528304 2.691690350498161
v -0.8727671112725374 5.745314846259324 1.403072111560026
v -1.2696105010664538 5.161129180815772 2.256864728588391
vt 0.3203125 0.3984375
vt 0.3203125 0.3984375
vt 0.3203125 0.2890625
vt 0.3203125 0.2890625
vt 0.0234375 0.3984375
vt 0.34375 0.3984375
vt 0.34375 0.2890625
vt 0.0234375 0.2890625
vt 0.1796875 0.3984375
vt 0.1796875 0.3984375
vt 0.1796875 0.2890625
vt 0.1796875 0.2890625
vt 0.34375 0.3984375
vt 0.6640625 0.3984375
vt 0.6640625 0.2890625
vt 0.34375 0.2890625
vt 0.1796875 0.46875
vt 0.1796875 0.46875
vt 0.1796875 0.30859375
vt 0.1796875 0.30859375
vt 0.1796875 0.46875
vt 0.1796875 0.46875
vt 0.1796875 0.30859375
vt 0.1796875 0.30859375
vn 0.3581538230580689 0.5272314843469719 -0.7705535678602613
vn 0.5584339172063073 -0.7823737646220918 -0.27575868534766934
vn -0.3581538230580689 -0.5272314843469719 0.7705535678602613
vn -0.5584339172063073 0.7823737646220918 0.27575868534766934
vn 0.7482495567272384 0.33153921991876717 0.5746340979381113
vn -0.7482495567272384 -0.33153921991876717 -0.5746340979381113
usemtl m_c1f585c4-3d0d-03f2-3285-b2125a466f0a
f 84/244/61 87/243/61 85/242/61 82/241/61
f 83/248/62 84/247/62 82/246/62 81/245/62
f 88/252/63 83/251/63 81/250/63 86/249/63
f 87/256/64 88/255/64 86/254/64 85/253/64
f 86/260/65 81/259/65 82/258/65 85/257/65
f 87/264/66 84/263/66 83/262/66 88/261/66
o leaf-3-2-A
v -0.3271917050218037 6.0289598126061446 1.8458481220298866
v 0.3688431878223165 5.327998968141176 1.3439430283165117
v -0.893392144031851 5.778084072597625 1.4110225064780793
v -0.19735725118773068 5.077123228132656 0.9091174127647044
v 0.3688431878223165 5.327998968141176 1.3439430283165117
v -0.3271917050218037 6.0289598126061446 1.8458481220298866
v -0.19735725118773068 5.077123228132656 0.9091174127647044
v -0.893392144031851 5.778084072597625 1.4110225064780793
vt 0.6640625 0.3984375
vt 0.6640625 0.3984375
vt 0.6640625 0.2890625
vt 0.6640625 0.2890625
vt 0.34375 0.3984375
vt 0.6640625 0.3984375
vt 0.6640625 0.2890625
vt 0.34375 0.2890625
vt 0.34375 0.3984375
vt 0.34375 0.3984375
vt 0.34375 0.2890625
vt 0.34375 0.2890625
vt 0.0234375 0.3984375
vt 0.34375 0.3984375
vt 0.34375 0.2890625
vt 0.0234375 0.2890625
vt 0.34375 0.55859375
vt 0.34375 0.55859375
vt 0.34375 0.3984375
vt 0.34375 0.3984375
vt 0.34375 0.55859375
vt 0.34375 0.55859375
vt 0.34375 0.3984375
vt 0.34375 0.3984375
vn 0.6281761628520298 -0.6326218672547721 -0.4529727160608967
vn -0.21334786242254955 -0.6999080710722333 0.6816240764876741
vn -0.6281761628520298 0.6326218672547721 0.4529727160608967
vn 0.21334786242254955 0.6999080710722333 -0.6816240764876741
vn 0.7482495559799744 0.3315392361682568 0.5746340895358888
vn -0.7482495559799744 -0.3315392361682568 -0.5746340895358888
usemtl m_c1f585c4-3d0d-03f2-3285-b2125a466f0a
f 92/268/67 95/267/67 93/266/67 90/265/67
f 91/272/68 92/271/68 90/270/68 89/269/68
f 96/276/69 91/275/69 89/274/69 94/273/69
f 95/280/70 96/279/70 94/278/70 93/277/70
f 94/284/71 89/283/71 90/282/71 93/281/71
f 95/288/72 92/287/72 91/286/72 96/285/72
o leaf-3-3-A
v 0.4539125667229317 6.3655656547063995 2.43429529449718
v 1.004028886351167 5.6426473829653245 1.6670143698929127
v -0.3437324890845803 6.440487045030548 1.7918192617008377
v 0.2063838305436552 5.717568773289473 1.0245383370965704
v 1.004028886351167 5.6426473829653245 1.6670143698929127
v 0.4539125667229317 6.3655656547063995 2.43429529449718
v 0.2063838305436552 5.717568773289473 1.0245383370965704
v -0.3437324890845803 6.440487045030548 1.7918192617008377
vt 0.6875 0.55078125
vt 0.6875 0.55078125
vt 0.6875 0.40234375
vt 0.6875 0.40234375
vt 0.34375 0.55078125
vt 0.6875 0.55078125
vt 0.6875 0.40234375
vt 0.34375 0.40234375
vt 0.34375 0.55078125
vt 0.34375 0.55078125
vt 0.34375 0.40234375
vt 0.34375 0.40234375
vt 0 0.55078125
vt 0.34375 0.55078125
vt 0.34375 0.40234375
vt 0 0.40234375
vt 0.34375 0.72265625
vt 0.34375 0.72265625
vt 0.34375 0.55078125
vt 0.34375 0.55078125
vt 0.34375 0.72265625
vt 0.34375 0.72265625
vt 0.34375 0.55078125
vt 0.34375 0.55078125
vn 0.4626325116712101 -0.6079541432521032 -0.6452618994233186
vn -0.4274208916760376 -0.790613237759483 0.43845420472191643
vn -0.4626325116712101 0.6079541432521032 0.6452618994233186
vn 0.4274208916760376 0.790613237759483 -0.43845420472191643
vn 0.7767126498928987 -0.07295524643278553 0.6256156899521328
vn -0.7767126498928987 0.07295524643278553 -0.6256156899521328
usemtl m_c1f585c4-3d0d-03f2-3285-b2125a466f0a
f 100/292/73 103/291/73 101/290/73 98/289/73
f 99/296/74 100/295/74 98/294/74 97/293/74
f 104/300/75 99/299/75 97/298/75 102/297/75
f 103/304/76 104/303/76 102/302/76 101/301/76
f 102/308/77 97/307/77 98/306/77 101/305/77
f 103/312/78 100/311/78 99/310/78 104/309/78
o leaf-3-3-B
v -0.21817702559192587 5.777998417213168 3.2001891793902297
v 0.47051697527013236 6.340554638649084 2.410765414292957
v -1.0158220789124488 5.852919844862304 2.5577131478588466
v -0.3271280780503907 6.415476066298218 1.7682893827615742
v 0.47051697527013236 6.340554638649084 2.410765414292957
v -0.21817702559192587 5.777998417213168 3.2001891793902297
v -0.3271280780503907 6.415476066298218 1.7682893827615742
v -1.0158220789124488 5.852919844862304 2.5577131478588466
vt 0.3203125 0.55078125
vt 0.3203125 0.55078125
vt 0.3203125 0.40234375
vt 0.3203125 0.40234375
vt 0 0.55078125
vt 0.34375 0.55078125
vt 0.34375 0.40234375
vt 0 0.40234375
vt 0.1796875 0.55078125
vt 0.1796875 0.55078125
vt 0.1796875 0.40234375
vt 0.1796875 0.40234375
vt 0.34375 0.55078125
vt 0.6875 0.55078125
vt 0.6875 0.40234375
vt 0.34375 0.40234375
vt 0.1796875 0.62109375
vt 0.1796875 0.62109375
vt 0.1796875 0.44921875
vt 0.1796875 0.44921875
vt 0.1796875 0.62109375
vt 0.1796875 0.62109375
vt 0.1796875 0.44921875
vt 0.1796875 0.44921875
vn 0.579172484115767 0.47309412281214025 -0.6638834119058733
vn 0.24754130342528613 -0.87798603501158 -0.40971188098852446
vn -0.579172484115767 -0.47309412281214025 0.6638834119058733
vn -0.24754130342528613 0.87798603501158 0.40971188098852446
vn 0.7767126474711751 -0.07295528277826134 0.6256156887203694
vn -0.7767126474711751 0.07295528277826134 -0.6256156887203694
usemtl m_c1f585c4-3d0d-03f2-3285-b2125a466f0a
f 108/316/79 111/315/79 109/314/79 106/313/79
f 107/320/80 108/319/80 106/318/80 105/317/80
f 112/324/81 107/323/81 105/322/81 110/321/81
f 111/328/82 112/327/82 110/326/82 109/325/82
f 110/332/83 105/331/83 106/330/83 109/329/83
f 111/336/84 108/335/84 107/334/84 112/333/84
o leaf-3-4-A
v 0.6847336692712328 5.11860484348797 3.5223780917260825
v 1.4633582652936243 5.858169542651481 3.1547828024198297
v -0.21017216220463197 5.690581872010229 2.7775870662475737
v 0.5684524338177597 6.43014657117374 2.4099917769413204
v 1.4633582652936243 5.858169542651481 3.1547828024198297
v 0.6847336692712328 5.11860484348797 3.5223780917260825
v 0.5684524338177597 6.43014657117374 2.4099917769413204
v -0.21017216220463197 5.690581872010229 2.7775870662475737
vt 0.2890625 0.7421875
vt 0.2890625 0.7421875
vt 0.2890625 0.5546875
vt 0.2890625 0.5546875
vt 0.015625 0.7421875
vt 0.34375 0.7421875
vt 0.34375 0.5546875
vt 0.015625 0.5546875
vt 0.1796875 0.7421875
vt 0.1796875 0.7421875
vt 0.1796875 0.5546875
vt 0.1796875 0.5546875
vt 0.3515625 0.73828125
vt 0.6796875 0.73828125
vt 0.6796875 0.55078125
vt 0.3515625 0.55078125
vt 0.1796875 0.796875
vt 0.1796875 0.796875
vt 0.1796875 0.6328125
vt 0.1796875 0.6328125
vt 0.1796875 0.796875
vt 0.1796875 0.796875
vt 0.1796875 0.6328125
vt 0.1796875 0.6328125
vn 0.685982640432045 0.6515701503577048 -0.32385823470882685
vn 0.23130136424983264 -0.6172805558435465 -0.7519736659442593
vn -0.685982640432045 -0.6515701503577048 0.32385823470882685
vn -0.23130136424983264 0.6172805558435465 0.7519736659442593
vn 0.6898749857199097 -0.4409320293881138 0.5741528102671223
vn -0.6898749857199097 0.4409320293881138 -0.5741528102671223
usemtl m_c1f585c4-3d0d-03f2-3285-b2125a466f0a
f 116/340/85 119/339/85 117/338/85 114/337/85
f 115/344/86 116/343/86 114/342/86 113/341/86
f 120/348/87 115/347/87 113/346/87 118/345/87
f 119/352/88 120/351/88 118/350/88 117/349/88
f 118/356/89 113/355/89 114/354/89 117/353/89
f 119/360/90 116/359/90 115/358/90 120/357/90
o leaf-3-4-B
v 1.4470876171248923 5.842551621640899 3.1623390307966672
v 1.6143711009287416 5.058284836689006 2.359045592153184
v 0.5521818389194494 6.414528831343013 2.417548080451604
v 0.7194653227232986 5.63026204639112 1.6142546418081212
v 1.6143711009287416 5.058284836689006 2.359045592153184
v 1.4470876171248923 5.842551621640899 3.1623390307966672
v 0.7194653227232986 5.63026204639112 1.6142546418081212
v 0.5521818389194494 6.414528831343013 2.417548080451604
vt 0.671875 0.7421875
vt 0.671875 0.7421875
vt 0.671875 0.5546875
vt 0.671875 0.5546875
vt 0.34375 0.7421875
vt 0.671875 0.7421875
vt 0.671875 0.5546875
vt 0.34375 0.5546875
vt 0.34375 0.7421875
vt 0.34375 0.7421875
vt 0.34375 0.5546875
vt 0.34375 0.5546875
vt 0.015625 0.7421875
vt 0.34375 0.7421875
vt 0.34375 0.5546875
vt 0.015625 0.5546875
vt 0.34375 0.90625
vt 0.34375 0.90625
vt 0.34375 0.7421875
vt 0.34375 0.7421875
vt 0.34375 0.90625
vt 0.34375 0.90625
vt 0.34375 0.7421875
vt 0.34375 0.7421875
vn 0.14737983683877284 -0.6909535130187148 -0.7077163461023586
vn -0.7087677648085637 -0.5728543140597381 0.41168700541967507
vn -0.14737983683877284 0.6909535130187148 0.7077163461023586
vn 0.7087677648085637 0.5728543140597381 -0.41168700541967507
vn 0.6898749446542096 -0.4409321690580582 0.5741527523474107
vn -0.6898749446542096 0.4409321690580582 -0.5741527523474107
usemtl m_c1f585c4-3d0d-03f2-3285-b2125a466f0a
f 124/364/91 127/363/91 125/362/91 122/361/91
f 123/368/92 124/367/92 122/366/92 121/365/92
f 128/372/93 123/371/93 121/370/93 126/369/93
f 127/376/94 128/375/94 126/374/94 125/373/94
f 126/380/95 121/379/95 122/378/95 125/377/95
f 127/384/96 124/383/96 123/382/96 128/381/96
o leaf-3-1-A
v -0.9105429855728101 5.446612017538758 0.9778916108333418
v -0.09183941367766005 4.975020174276889 0.9331131521730068
v -1.2724837367953592 4.737861222014467 1.8247029877486174
v -0.45378016490020917 4.266269378752598 1.7799245290882824
v -0.09183941367766005 4.975020174276889 0.9331131521730068
v -0.9105429855728101 5.446612017538758 0.9778916108333418
v -0.45378016490020917 4.266269378752598 1.7799245290882824
v -1.2724837367953592 4.737861222014467 1.8247029877486174
vt 0.6171875 0.28515625
vt 0.6171875 0.28515625
vt 0.6171875 0.1171875
vt 0.6171875 0.1171875
vt 0.34375 0.28515625
vt 0.6171875 0.28515625
vt 0.6171875 0.1171875
vt 0.34375 0.1171875
vt 0.34375 0.28515625
vt 0.34375 0.28515625
vt 0.34375 0.1171875
vt 0.34375 0.1171875
vt 0.0703125 0.28515625
vt 0.34375 0.28515625
vt 0.34375 0.1171875
vt 0.0703125 0.1171875
vt 0.34375 0.421875
vt 0.34375 0.421875
vt 0.34375 0.28515625
vt 0.34375 0.28515625
vt 0.34375 0.421875
vt 0.34375 0.421875
vt 0.34375 0.28515625
vt 0.34375 0.28515625
vn 0.8655515495125149 -0.49857734189176095 -0.04734077828501119
vn 0.39218964322987765 0.6159880752773316 0.6831880962512079
vn -0.8655515495125149 0.49857734189176095 0.04734077828501119
vn -0.39218964322987765 -0.6159880752773316 -0.6831880962512079
vn 0.31146075014310476 0.6099010782645616 -0.7287063028765566
vn -0.31146075014310476 -0.6099010782645616 0.7287063028765566
usemtl m_c1f585c4-3d0d-03f2-3285-b2125a466f0a
f 132/388/97 135/387/97 133/386/97 130/385/97
f 131/392/98 132/391/98 130/390/98 129/389/98
f 136/396/99 131/395/99 129/394/99 134/393/99
f 135/400/100 136/399/100 134/398/100 133/397/100
f 134/404/101 129/403/101 130/402/101 133/401/101
f 135/408/102 132/407/102 131/406/102 136/405/102
o leaf-3-1-B
v -1.387301695641514 4.942620135870648 0.3522947093479469
v -0.9154988385060647 5.460750656953815 0.9876075006137238
v -1.7492424468640637 4.233869340346355 1.199106086263224
v -1.2774395897286144 4.751999861429522 1.834418877529001
v -0.9154988385060647 5.460750656953815 0.9876075006137238
v -1.387301695641514 4.942620135870648 0.3522947093479469
v -1.2774395897286144 4.751999861429522 1.834418877529001
v -1.7492424468640637 4.233869340346355 1.199106086263224
vt 0.2421875 0.23828125
vt 0.2421875 0.23828125
vt 0.2421875 0.0703125
vt 0.2421875 0.0703125
vt 0.0546875 0.28515625
vt 0.328125 0.28515625
vt 0.328125 0.1171875
vt 0.0546875 0.1171875
vt 0.1171875 0.23828125
vt 0.1171875 0.23828125
vt 0.1171875 0.0703125
vt 0.1171875 0.0703125
vt 0.34375 0.28515625
vt 0.6171875 0.28515625
vt 0.6171875 0.1171875
vt 0.34375 0.1171875
vt 0.1171875 0.30078125
vt 0.1171875 0.30078125
vt 0.1171875 0.1640625
vt 0.1171875 0.1640625
vt 0.1171875 0.30078125
vt 0.1171875 0.30078125
vt 0.1171875 0.1640625
vt 0.1171875 0.1640625
vn 0.49880043043261446 0.547779062860491 0.6716667543446829
vn -0.8088203333995337 0.5726768486881653 0.13360724252846362
vn -0.49880043043261446 -0.547779062860491 -0.6716667543446829
vn 0.8088203333995337 -0.5726768486881653 -0.13360724252846362
vn 0.31146075014310465 0.6099010782645615 -0.7287063028765565
vn -0.31146075014310465 -0.6099010782645615 0.7287063028765565
usemtl m_c1f585c4-3d0d-03f2-3285-b2125a466f0a
f 140/412/103 143/411/103 141/410/103 138/409/103
f 139/416/104 140/415/104 138/414/104 137/413/104
f 144/420/105 139/419/105 137/418/105 142/417/105
f 143/424/106 144/423/106 142/422/106 141/421/106
f 142/428/107 137/427/107 138/426/107 141/425/107
f 143/432/108 140/431/108 139/430/108 144/429/108
o leaf-3-2-B
v -1.374651361414733 5.300417153308724 -0.09087892266621073
v -0.6981664595643216 5.973748691394411 0.4718929831825124
v -1.6680244464311136 5.050791769197781 0.5604384274753573
v -0.9915395445807019 5.724123307283468 1.1232103333240804
v -0.6981664595643216 5.973748691394411 0.4718929831825124
v -1.374651361414733 5.300417153308724 -0.09087892266621073
v -0.9915395445807019 5.724123307283468 1.1232103333240804
v -1.6680244464311136 5.050791769197781 0.5604384274753573
vt 0.3203125 0.3984375
vt 0.3203125 0.3984375
vt 0.3203125 0.2890625
vt 0.3203125 0.2890625
vt 0.0234375 0.3984375
vt 0.34375 0.3984375
vt 0.34375 0.2890625
vt 0.0234375 0.2890625
vt 0.1796875 0.3984375
vt 0.1796875 0.3984375
vt 0.1796875 0.2890625
vt 0.1796875 0.2890625
vt 0.34375 0.3984375
vt 0.6640625 0.3984375
vt 0.6640625 0.2890625
vt 0.34375 0.2890625
vt 0.1796875 0.46875
vt 0.1796875 0.46875
vt 0.1796875 0.30859375
vt 0.1796875 0.30859375
vt 0.1796875 0.46875
vt 0.1796875 0.46875
vt 0.1796875 0.30859375
vt 0.1796875 0.30859375
vn 0.6105321647529712 0.6076862327886885 0.5079054225750528
vn -0.6906074706749966 0.7224210023001095 -0.034193813528021
vn -0.6105321647529712 -0.6076862327886885 -0.5079054225750528
vn 0.6906074706749966 -0.7224210023001095 0.034193813528021
vn 0.38770065417785216 0.32988685623225034 -0.8607339105875103
vn -0.38770065417785216 -0.32988685623225034 0.8607339105875103
usemtl m_c1f585c4-3d0d-03f2-3285-b2125a466f0a
f 148/436/109 151/435/109 149/434/109 146/433/109
f 147/440/110 148/439/110 146/438/110 145/437/110
f 152/444/111 147/443/111 145/442/111 150/441/111
f 151/448/112 152/447/112 150/446/112 149/445/112
f 150/452/113 145/451/113 146/450/113 149/449/113
f 151/456/114 148/455/114 147/454/114 152/453/114
o leaf-3-2-A
v -0.7230423979494266 6.004461733229548 0.4724590479038583
v 0.1823958122039551 5.389418806900948 0.6445731001842965
v -1.0164154841402895 5.7548363364137405 1.1237763926471123
v -0.11097727398690779 5.13979341008514 1.2958904449275503
v 0.1823958122039551 5.389418806900948 0.6445731001842965
v -0.7230423979494266 6.004461733229548 0.4724590479038583
v -0.11097727398690779 5.13979341008514 1.2958904449275503
v -1.0164154841402895 5.7548363364137405 1.1237763926471123
vt 0.6640625 0.3984375
vt 0.6640625 0.3984375
vt 0.6640625 0.2890625
vt 0.6640625 0.2890625
vt 0.34375 0.3984375
vt 0.6640625 0.3984375
vt 0.6640625 0.2890625
vt 0.34375 0.2890625
vt 0.34375 0.3984375
vt 0.34375 0.3984375
vt 0.34375 0.2890625
vt 0.34375 0.2890625
vt 0.0234375 0.3984375
vt 0.34375 0.3984375
vt 0.34375 0.2890625
vt 0.0234375 0.2890625
vt 0.34375 0.55859375
vt 0.34375 0.55859375
vt 0.34375 0.3984375
vt 0.34375 0.3984375
vt 0.34375 0.55859375
vt 0.34375 0.55859375
vt 0.34375 0.3984375
vt 0.34375 0.3984375
vn 0.8171640623211401 -0.5550803694218093 0.15533408748037092
vn 0.4265338167101987 0.763583940696937 0.484776720472804
vn -0.8171640623211401 0.5550803694218093 -0.15533408748037092
vn -0.4265338167101987 -0.763583940696937 -0.484776720472804
vn 0.3877006557299616 0.3298868730220777 -0.8607339034534851
vn -0.3877006557299616 -0.3298868730220777 0.8607339034534851
usemtl m_c1f585c4-3d0d-03f2-3285-b2125a466f0a
f 156/460/115 159/459/115 157/458/115 154/457/115
f 155/464/116 156/463/116 154/462/116 153/461/116
f 160/468/117 155/467/117 153/466/117 158/465/117
f 159/472/118 160/471/118 158/470/118 157/469/118
f 158/476/119 153/475/119 154/474/119 157/473/119
f 159/480/120 156/479/120 155/478/120 160/477/120
o leaf-3-3-A
v -0.31246279273627225 6.340297901445436 -0.4154237614887313
v 0.5806984254143945 5.715589735147987 0.059930375290255355
v -0.7511560953238303 6.417200960022097 0.5099196387397322
v 0.14200512282683658 5.792492793724648 0.9852737755187189
v 0.5806984254143945 5.715589735147987 0.059930375290255355
v -0.31246279273627225 6.340297901445436 -0.4154237614887313
v 0.14200512282683658 5.792492793724648 0.9852737755187189
v -0.7511560953238303 6.417200960022097 0.5099196387397322
vt 0.6875 0.55078125
vt 0.6875 0.55078125
vt 0.6875 0.40234375
vt 0.6875 0.40234375
vt 0.34375 0.55078125
vt 0.6875 0.55078125
vt 0.6875 0.40234375
vt 0.34375 0.40234375
vt 0.34375 0.55078125
vt 0.34375 0.55078125
vt 0.34375 0.40234375
vt 0.34375 0.40234375
vt 0 0.55078125
vt 0.34375 0.55078125
vt 0.34375 0.40234375
vt 0 0.40234375
vt 0.34375 0.72265625
vt 0.34375 0.72265625
vt 0.34375 0.55078125
vt 0.34375 0.55078125
vt 0.34375 0.72265625
vt 0.34375 0.72265625
vt 0.34375 0.55078125
vt 0.34375 0.55078125
vn 0.7511237222695036 -0.5253621783680513 0.3997595969884671
vn 0.5033187206644057 0.8475770358839916 0.1681767929021502
vn -0.7511237222695036 0.5253621783680513 -0.3997595969884671
vn -0.5033187206644057 -0.8475770358839916 -0.1681767929021502
vn 0.4271807805516904 -0.07488491024554354 -0.9010598376050093
vn -0.4271807805516904 0.07488491024554354 0.9010598376050093
usemtl m_c1f585c4-3d0d-03f2-3285-b2125a466f0a
f 164/484/121 167/483/121 165/482/121 162/481/121
f 163/488/122 164/487/122 162/486/122 161/485/122
f 168/492/123 163/491/123 161/490/123 166/489/123
f 167/496/124 168/495/124 166/494/124 165/493/124
f 166/500/125 161/499/125 162/498/125 165/497/125
f 167/504/126 164/503/126 163/502/126 168/501/126
o leaf-3-3-B
v -1.1963207555607909 5.653781611278239 -0.7773955925428983
v -0.28505489890032076 6.3182967327689985 -0.4006025435160083
v -1.6350140598330167 5.730684707043272 0.14794780379625183
v -0.7237482031725465 6.395199828534031 0.5247408528231416
v -0.28505489890032076 6.3182967327689985 -0.4006025435160083
v -1.1963207555607909 5.653781611278239 -0.7773955925428983
v -0.7237482031725465 6.395199828534031 0.5247408528231416
v -1.6350140598330167 5.730684707043272 0.14794780379625183
vt 0.3203125 0.55078125
vt 0.3203125 0.55078125
vt 0.3203125 0.40234375
vt 0.3203125 0.40234375
vt 0 0.55078125
vt 0.34375 0.55078125
vt 0.34375 0.40234375
vt 0 0.40234375
vt 0.1796875 0.55078125
vt 0.1796875 0.55078125
vt 0.1796875 0.40234375
vt 0.1796875 0.40234375
vt 0.34375 0.55078125
vt 0.6875 0.55078125
vt 0.6875 0.40234375
vt 0.34375 0.40234375
vt 0.1796875 0.62109375
vt 0.1796875 0.62109375
vt 0.1796875 0.44921875
vt 0.1796875 0.44921875
vt 0.1796875 0.62109375
vt 0.1796875 0.62109375
vt 0.1796875 0.44921875
vt 0.1796875 0.44921875
vn 0.7663492192922969 0.5588387196121095 0.31687246575299827
vn -0.4798181461926928 0.8258883279574076 -0.29611318161798417
vn -0.7663492192922969 -0.5588387196121095 -0.31687246575299827
vn 0.4798181461926928 -0.8258883279574076 0.29611318161798417
vn 0.4271807821921469 -0.07488494645798952 -0.9010598338177603
vn -0.4271807821921469 0.07488494645798952 0.9010598338177603
usemtl m_c1f585c4-3d0d-03f2-3285-b2125a466f0a
f 172/508/127 175/507/127 173/506/127 170/505/127
f 171/512/128 172/511/128 170/510/128 169/509/128
f 176/516/129 171/515/129 169/514/129 174/513/129
f 175/520/130 176/519/130 174/518/130 173/517/130
f 174/524/131 169/523/131 170/522/131 173/521/131
f 175/528/132 172/527/132 171/526/132 176/525/132
o leaf-3-4-A
v -0.5317104432104924 5.020376489860431 -1.4155150581221698
v 0.2592767945615514 5.832974339322116 -1.4641198647980203
v -1.0572483001443318 5.59402556882381 -0.3775051664863267
v -0.2662610623722881 6.406623418285494 -0.4261099731621769
v 0.2592767945615514 5.832974339322116 -1.4641198647980203
v -0.5317104432104924 5.020376489860431 -1.4155150581221698
v -0.2662610623722881 6.406623418285494 -0.4261099731621769
v -1.0572483001443318 5.59402556882381 -0.3775051664863267
vt 0.2890625 0.7421875
vt 0.2890625 0.7421875
vt 0.2890625 0.5546875
vt 0.2890625 0.5546875
vt 0.015625 0.7421875
vt 0.34375 0.7421875
vt 0.34375 0.5546875
vt 0.015625 0.5546875
vt 0.1796875 0.7421875
vt 0.1796875 0.7421875
vt 0.1796875 0.5546875
vt 0.1796875 0.5546875
vt 0.3515625 0.73828125
vt 0.6796875 0.73828125
vt 0.6796875 0.55078125
vt 0.3515625 0.55078125
vt 0.1796875 0.796875
vt 0.1796875 0.796875
vt 0.1796875 0.6328125
vt 0.1796875 0.6328125
vt 0.1796875 0.796875
vt 0.1796875 0.796875
vt 0.1796875 0.6328125
vt 0.1796875 0.6328125
vn 0.6968743559949286 0.7159137037678388 -0.04282173179670527
vn -0.5918055450766775 0.5402852556209206 -0.5982123697944848
vn -0.6968743559949286 -0.7159137037678388 0.04282173179670527
vn 0.5918055450766775 -0.5402852556209206 0.5982123697944848
vn 0.4051324829893922 -0.44222099827580835 -0.8001926392505728
vn -0.4051324829893922 0.44222099827580835 0.8001926392505728
usemtl m_c1f585c4-3d0d-03f2-3285-b2125a466f0a
f 180/532/133 183/531/133 181/530/133 178/529/133
f 179/536/134 180/535/134 178/534/134 177/533/134
f 184/540/135 179/539/135 177/538/135 182/537/135
f 183/544/136 184/543/136 182/542/136 181/541/136
f 182/548/137 177/547/137 178/546/137 181/545/137
f 183/552/138 180/551/138 179/550/138 184/549/138
o leaf-3-4-B
v 0.24281739073481368 5.815841050162235 -1.462984759499519
v 0.8148566941971528 5.10958023683034 -0.7830544679650924
v -0.28272046775412807 6.389490306674472 -0.4249749667722029
v 0.28931883570821104 5.683229493342576 0.25495532476222316
v 0.8148566941971528 5.10958023683034 -0.7830544679650924
v 0.24281739073481368 5.815841050162235 -1.462984759499519
v 0.28931883570821104 5.683229493342576 0.25495532476222316
v -0.28272046775412807 6.389490306674472 -0.4249749667722029
vt 0.671875 0.7421875
vt 0.671875 0.7421875
vt 0.671875 0.5546875
vt 0.671875 0.5546875
vt 0.34375 0.7421875
vt 0.671875 0.7421875
vt 0.671875 0.5546875
vt 0.34375 0.5546875
vt 0.34375 0.7421875
vt 0.34375 0.7421875
vt 0.34375 0.5546875
vt 0.34375 0.5546875
vt 0.015625 0.7421875
vt 0.34375 0.7421875
vt 0.34375 0.5546875
vt 0.015625 0.5546875
vt 0.34375 0.90625
vt 0.34375 0.90625
