# Made in Blockbench 4.12.4
mtllib cuminheira2.mtl

o cimento1
v 0.12499997545630549 -0.3593749781833865 0.503125
v 0.12499997545630549 -0.3593749781833865 0.003124999999999989
v 0.12499999727292115 -0.4843749781833846 0.503125
v 0.12499999727292115 -0.4843749781833846 0.003124999999999989
v -0.12500002454369072 -0.3593750218166178 0.003124999999999989
v -0.12500002454369072 -0.3593750218166178 0.503125
v -0.12500000272707507 -0.4843750218166159 0.003124999999999989
v -0.12500000272707507 -0.4843750218166159 0.503125
vt 0.2578125 0.796875
vt 0.2890625 0.796875
vt 0.2890625 0.765625
vt 0.2578125 0.765625
vt 0.2578125 0.796875
vt 0.3203125 0.796875
vt 0.3203125 0.765625
vt 0.2578125 0.765625
vt 0.2578125 0.796875
vt 0.2890625 0.796875
vt 0.2890625 0.765625
vt 0.2578125 0.765625
vt 0.2578125 0.796875
vt 0.3203125 0.796875
vt 0.3203125 0.765625
vt 0.2578125 0.765625
vt 0.2578125 0.796875
vt 0.2890625 0.796875
vt 0.2890625 0.671875
vt 0.2578125 0.671875
vt 0.2578125 0.796875
vt 0.2890625 0.796875
vt 0.2890625 0.671875
vt 0.2578125 0.671875
vn 0 0 -1
vn 0.9999999999999848 1.7453292519943207e-7 0
vn 0 0 1
vn -0.9999999999999848 -1.7453292519943207e-7 0
vn -1.7453292519943207e-7 0.9999999999999848 0
vn 1.7453292519943207e-7 -0.9999999999999848 0
usemtl m_3a25b084-b5bb-ad99-6daf-9eabe8ed43a6
f 4/4/1 7/3/1 5/2/1 2/1/1
f 3/8/2 4/7/2 2/6/2 1/5/2
f 8/12/3 3/11/3 1/10/3 6/9/3
f 7/16/4 8/15/4 6/14/4 5/13/4
f 6/20/5 1/19/5 2/18/5 5/17/5
f 7/24/6 4/23/6 3/22/6 8/21/6
o cimento1
v 0.12500001963495028 -0.3593749781833788 0.0031249781833805335
v 0.12499993236848768 -0.35937497818339403 -0.4968750218166119
v 0.1250000414515659 -0.48437497818337694 0.0031249781833805335
v 0.12499995418510332 -0.48437497818339215 -0.4968750218166119
v -0.1250000676315047 -0.35937502181662534 -0.4968749781833806
v -0.1249999803650421 -0.35937502181661013 0.003125021816611784
v -0.12500004581488908 -0.48437502181662345 -0.4968749781833806
v -0.12499995854842647 -0.4843750218166082 0.003125021816611784
vt 0.2421875 0.796875
vt 0.2734375 0.796875
vt 0.2734375 0.765625
vt 0.2421875 0.765625
vt 0.2421875 0.796875
vt 0.3046875 0.796875
vt 0.3046875 0.765625
vt 0.2421875 0.765625
vt 0.2421875 0.796875
vt 0.2734375 0.796875
vt 0.2734375 0.765625
vt 0.2421875 0.765625
vt 0.2421875 0.796875
vt 0.3046875 0.796875
vt 0.3046875 0.765625
vt 0.2421875 0.765625
vt 0.2421875 0.796875
vt 0.2734375 0.796875
vt 0.2734375 0.671875
vt 0.2421875 0.671875
vt 0.2421875 0.796875
vt 0.2734375 0.796875
vt 0.2734375 0.671875
vt 0.2421875 0.671875
vn -1.7453292519942942e-7 -3.046174197867055e-14 -0.9999999999999848
vn 0.9999999999999696 1.7453292519942942e-7 -1.745329251994321e-7
vn 1.7453292519942942e-7 3.046174197867055e-14 0.9999999999999848
vn -0.9999999999999696 -1.7453292519942942e-7 1.745329251994321e-7
vn -1.745329251994321e-7 0.9999999999999848 0
vn 1.745329251994321e-7 -0.9999999999999848 0
usemtl m_3a25b084-b5bb-ad99-6daf-9eabe8ed43a6
f 12/28/7 15/27/7 13/26/7 10/25/7
f 11/32/8 12/31/8 10/30/8 9/29/8
f 16/36/9 11/35/9 9/34/9 14/33/9
f 15/40/10 16/39/10 14/38/10 13/37/10
f 14/44/11 9/43/11 10/42/11 13/41/11
f 15/48/12 12/47/12 11/46/12 16/45/12
o telha1
v 0.5262116098486281 -0.4958030356024795 0.49987999254956217
v 0.0669317041201023 -0.298162134930574 0.5000863310926225
v 0.47680139182213477 -0.6106230235404038 0.49990690926032866
v 0.01752148609360893 -0.4129821228684982 0.500113247803389
v 0.06680115177617285 -0.2981718867544997 0.21883636156197972
v 0.5260810575046987 -0.4958127874264052 0.21863002301891943
v 0.01739093374967937 -0.41299187469242393 0.21886327827274624
v 0.4766708394782053 -0.6106327753643295 0.21865693972968595
vt 0.375 0.875
vt 0.515625 0.875
vt 0.515625 0.84375
vt 0.375 0.84375
vt 0.3125 0.875
vt 0.375 0.875
vt 0.375 0.84375
vt 0.3125 0.84375
vt 0.171875 0.875
vt 0.3125 0.875
vt 0.3125 0.84375
vt 0.171875 0.84375
vt 0.109375 0.875
vt 0.171875 0.875
vt 0.171875 0.84375
vt 0.109375 0.84375
vt 0.171875 1
vt 0.3125 1
vt 0.3125 0.875
vt 0.171875 0.875
vt 0.3125 1
vt 0.453125 1
vt 0.453125 0.875
vt 0.3125 0.875
vn 0.9185598114570519 -0.39528180134381113 -0.00041267708612056713
vn 0.0004641861117492869 0.0000346731517358127 0.9999998916645073
vn -0.9185598114570519 0.39528180134381113 0.00041267708612056713
vn -0.0004641861117492869 -0.0000346731517358127 -0.9999998916645073
vn 0.3952817442119471 0.9185599035033941 -0.00021533368613207212
vn -0.3952817442119471 -0.9185599035033941 0.00021533368613207212
usemtl m_3a25b084-b5bb-ad99-6daf-9eabe8ed43a6
f 20/52/13 23/51/13 21/50/13 18/49/13
f 19/56/14 20/55/14 18/54/14 17/53/14
f 24/60/15 19/59/15 17/58/15 22/57/15
f 23/64/16 24/63/16 22/62/16 21/61/16
f 22/68/17 17/67/17 18/66/17 21/65/17
f 23/72/18 20/71/18 19/70/18 24/69/18
o telha2
v 0.4271445846191193 -0.7254614090458075 -0.031316130116340615
v -0.032135321109406534 -0.527820508373902 -0.031109791573280324
v 0.4765548026557389 -0.6106414211071285 -0.031343025010493866
v 0.017274896927213068 -0.413000520435223 -0.031136686467433575
v -0.03200478816882435 -0.5278108016396801 0.25014017796792826
v 0.42727511755970154 -0.7254517023115856 0.24993383942486797
v 0.017405429867795252 -0.41299081370100116 0.25011328307377506
v 0.47668533559632115 -0.6106317143729066 0.24990694453071477
vt 0.40625 0.6875
vt 0.546875 0.6875
vt 0.546875 0.65625
vt 0.40625 0.65625
vt 0.34375 0.6875
vt 0.40625 0.6875
vt 0.40625 0.65625
vt 0.34375 0.65625
vt 0.203125 0.6875
vt 0.34375 0.6875
vt 0.34375 0.65625
vt 0.203125 0.65625
vt 0.140625 0.6875
vt 0.203125 0.6875
vt 0.203125 0.65625
vt 0.140625 0.65625
vt 0.203125 0.8125
vt 0.34375 0.8125
vt 0.34375 0.6875
vt 0.203125 0.6875
vt 0.34375 0.8125
vt 0.484375 0.8125
vt 0.484375 0.6875
vt 0.34375 0.6875
vn 0.9185598114570519 -0.39528180134381113 -0.0004126770861205672
vn -0.0004641171220702144 -0.00003451283278895229 -0.9999998917020748
vn -0.9185598114570519 0.39528180134381113 0.0004126770861205672
vn 0.0004641171220702144 0.00003451283278895229 0.9999998917020748
vn -0.39528174429295687 -0.9185599035094316 0.00021515915322585315
vn 0.39528174429295687 0.9185599035094316 -0.00021515915322585315
usemtl m_3a25b084-b5bb-ad99-6daf-9eabe8ed43a6
f 28/76/19 31/75/19 29/74/19 26/73/19
f 27/80/20 28/79/20 26/78/20 25/77/20
f 32/84/21 27/83/21 25/82/21 30/81/21
f 31/88/22 32/87/22 30/86/22 29/85/22
f 30/92/23 25/91/23 26/90/23 29/89/23
f 31/96/24 28/95/24 27/94/24 32/93/24
o telha3
v 0.5259795167927536 -0.4958203721783473 -0.00011995328269151506
v 0.06669961106422762 -0.2981794715064418 0.00008638526036877647
v 0.47656929876626014 -0.6106403601162715 -0.00009303657192499815
v 0.017289393037734246 -0.412999459444366 0.00011330197113529339
v 0.06656905872029817 -0.29818922333036746 -0.2811635842702739
v 0.525848964448824 -0.495830124002273 -0.2813699228133342
v 0.0171588406938048 -0.4130092112682917 -0.2811366675595074
v 0.47643874642233064 -0.6106501119401972 -0.2813430061025677
vt 0.3828125 0.875
vt 0.5234375 0.875
vt 0.5234375 0.84375
vt 0.3828125 0.84375
vt 0.3203125 0.875
vt 0.3828125 0.875
vt 0.3828125 0.84375
vt 0.3203125 0.84375
vt 0.1796875 0.875
vt 0.3203125 0.875
vt 0.3203125 0.84375
vt 0.1796875 0.84375
vt 0.1171875 0.875
vt 0.1796875 0.875
vt 0.1796875 0.84375
vt 0.1171875 0.84375
vt 0.1796875 1
vt 0.3203125 1
vt 0.3203125 0.875
vt 0.1796875 0.875
vt 0.3203125 1
vt 0.4609375 1
vt 0.4609375 0.875
vt 0.3203125 0.875
vn 0.9185598114570519 -0.39528180134381113 -0.00041267708612056713
vn 0.0004641861117492869 0.0000346731517358127 0.9999998916645073
vn -0.9185598114570519 0.39528180134381113 0.00041267708612056713
vn -0.0004641861117492869 -0.0000346731517358127 -0.9999998916645073
vn 0.3952817442119471 0.9185599035033941 -0.00021533368613207212
vn -0.3952817442119471 -0.9185599035033941 0.00021533368613207212
usemtl m_3a25b084-b5bb-ad99-6daf-9eabe8ed43a6
f 36/100/25 39/99/25 37/98/25 34/97/25
f 35/104/26 36/103/26 34/102/26 33/101/26
f 40/108/27 35/107/27 33/106/27 38/105/27
f 39/112/28 40/111/28 38/110/28 37/109/28
f 38/116/29 33/115/29 34/114/29 37/113/29
f 39/120/30 36/119/30 35/118/30 40/117/30
o telha4
v 0.4269269963012731 -0.7254776645906671 -0.5000660793334915
v -0.032352909427252774 -0.5278367639187616 -0.4998597407904312
v 0.4763372143378927 -0.6106576766519881 -0.5000929742276448
v 0.017057308609366828 -0.4130167759800826 -0.4998866356845844
v -0.0322368801467352 -0.5278281357105643 -0.24985976786491237
v 0.42704302558179064 -0.7254690363824698 -0.25006610640797267
v 0.0171733378898844 -0.4130081477718853 -0.24988666275906568
v 0.4764532436184103 -0.6106490484437909 -0.250093001302126
vt 0.39453125 0.6875
vt 0.51953125 0.6875
vt 0.51953125 0.65625
vt 0.39453125 0.65625
vt 0.33203125 0.6875
vt 0.39453125 0.6875
vt 0.39453125 0.65625
vt 0.33203125 0.65625
vt 0.20703125 0.6875
vt 0.33203125 0.6875
vt 0.33203125 0.65625
vt 0.20703125 0.65625
vt 0.14453125 0.6875
vt 0.20703125 0.6875
vt 0.20703125 0.65625
vt 0.14453125 0.65625
vt 0.20703125 0.8125
vt 0.33203125 0.8125
vt 0.33203125 0.6875
vt 0.20703125 0.6875
vt 0.33203125 0.8125
vt 0.45703125 0.8125
vt 0.45703125 0.6875
vt 0.33203125 0.6875
vn 0.9185598114570519 -0.39528180134381113 -0.0004126770861205672
vn -0.0004641171220702144 -0.00003451283278895229 -0.9999998917020748
vn -0.9185598114570519 0.39528180134381113 0.0004126770861205672
vn 0.0004641171220702144 0.00003451283278895229 0.9999998917020748
vn -0.39528174429295687 -0.9185599035094316 0.00021515915322585315
vn 0.39528174429295687 0.9185599035094316 -0.00021515915322585315
usemtl m_3a25b084-b5bb-ad99-6daf-9eabe8ed43a6
f 44/124/31 47/123/31 45/122/31 42/121/31
f 43/128/32 44/127/32 42/126/32 41/125/32
f 48/132/33 43/131/33 41/130/33 46/129/33
f 47/136/34 48/135/34 46/134/34 45/133/34
f 46/140/35 41/139/35 42/138/35 45/137/35
f 47/144/36 44/143/36 43/142/36 48/141/36
o telha5
v -0.5367368122199954 -0.43850720567363777 0.5001663919890305
v -0.059271722830400636 -0.29009224975959025 0.499867602401485
v -0.49963307772845555 -0.5578735013166476 0.5001476504067146
v -0.022167988338860897 -0.4094585454026 0.4998488608191691
v -0.059444734048498926 -0.2901018696717124 0.21861765578002212
v -0.5369098234380936 -0.43851682558576 0.2189164453675676
v -0.022340999556959173 -0.40946816531472224 0.21859891419770627
v -0.4998060889465539 -0.5578831212287698 0.21889770378525175
vt 0.375 0.875
vt 0.515625 0.875
vt 0.515625 0.84375
vt 0.375 0.84375
vt 0.3125 0.875
vt 0.375 0.875
vt 0.375 0.84375
vt 0.3125 0.84375
vt 0.171875 0.875
vt 0.3125 0.875
vt 0.3125 0.84375
vt 0.171875 0.84375
vt 0.109375 0.875
vt 0.171875 0.875
vt 0.171875 0.84375
vt 0.109375 0.84375
vt 0.171875 1
vt 0.3125 1
vt 0.3125 0.875
vt 0.171875 0.875
vt 0.3125 1
vt 0.453125 1
vt 0.453125 0.875
vt 0.3125 0.875
vn 0.9549301787791895 0.29682991182809515 -0.000597579175090911
vn 0.0006151509976828097 0.000034204131990009146 0.9999998102096457
vn -0.9549301787791895 -0.29682991182809515 0.000597579175090911
vn -0.0006151509976828097 -0.000034204131990009146 -0.9999998102096457
vn -0.296829875932318 0.9549303651440784 0.00014993265852694408
vn 0.296829875932318 -0.9549303651440784 -0.00014993265852694408
usemtl m_3a25b084-b5bb-ad99-6daf-9eabe8ed43a6
f 52/148/37 55/147/37 53/146/37 50/145/37
f 51/152/38 52/151/38 50/150/38 49/149/38
f 56/156/39 51/155/39 49/154/39 54/153/39
f 55/160/40 56/159/40 54/158/40 53/157/40
f 54/164/41 49/163/41 50/162/41 53/161/41
f 55/168/42 52/167/42 51/166/42 56/165/42
o telha6
v -0.46285614949476894 -0.6772579444675388 -0.03112099852702266
v 0.014608939894825743 -0.5288429885534913 -0.03141978811456814
v -0.4999598839728876 -0.5578916488237846 -0.03110223512809529
v -0.022494794583292926 -0.4094766929097371 -0.03140102471564077
v 0.01478196568352648 -0.5288334155164037 0.24983015849953055
v -0.46268312370606823 -0.6772483714304514 0.25012894808707603
v -0.02232176879459219 -0.40946711987264955 0.24984892189845792
v -0.4997868581841869 -0.5578820757866971 0.2501477114860034
vt 0.40625 0.6875
vt 0.546875 0.6875
vt 0.546875 0.65625
vt 0.40625 0.65625
vt 0.34375 0.6875
vt 0.40625 0.6875
vt 0.40625 0.65625
vt 0.34375 0.65625
vt 0.203125 0.6875
vt 0.34375 0.6875
vt 0.34375 0.65625
vt 0.203125 0.65625
vt 0.140625 0.6875
vt 0.203125 0.6875
vt 0.203125 0.65625
vt 0.140625 0.65625
vt 0.203125 0.8125
vt 0.34375 0.8125
vt 0.34375 0.6875
vt 0.203125 0.6875
vt 0.34375 0.8125
vt 0.484375 0.8125
vt 0.484375 0.6875
vt 0.34375 0.6875
vn 0.9549301787791895 0.2968299118280951 -0.000597579175090911
vn -0.000615202804269311 -0.00003403746520009047 -0.9999998101834623
vn -0.9549301787791895 -0.2968299118280951 0.000597579175090911
vn 0.000615202804269311 0.00003403746520009047 0.9999998101834623
vn 0.29682987582494935 -0.9549303651500335 -0.00015010719141894094
vn -0.29682987582494935 0.9549303651500335 0.00015010719141894094
usemtl m_3a25b084-b5bb-ad99-6daf-9eabe8ed43a6
f 60/172/43 63/171/43 61/170/43 58/169/43
f 59/176/44 60/175/44 58/174/44 57/173/44
f 64/180/45 59/179/45 57/178/45 62/177/45
f 63/184/46 64/183/46 62/182/46 61/181/46
f 62/188/47 57/187/47 58/186/47 61/185/47
f 63/192/48 60/191/48 59/190/48 64/189/48
o telha7
v -0.5370443877188367 -0.4385243077396328 0.00016648688420772828
v -0.05957929832924197 -0.2901093518255852 -0.00013230270333774996
v -0.4999406532272969 -0.5578906033826425 0.0001477453018918773
v -0.022475563837702217 -0.40947564746859505 -0.00015104428565360095
v -0.05975230954734023 -0.2901189717377074 -0.2813822493248006
v -0.5372173989369349 -0.438533927651755 -0.2810834597372551
v -0.022648575055800493 -0.4094852673807172 -0.28140099090711646
v -0.5001136644453952 -0.5579002232947647 -0.281102201319571
vt 0.375 0.875
vt 0.515625 0.875
vt 0.515625 0.84375
vt 0.375 0.84375
vt 0.3125 0.875
vt 0.375 0.875
vt 0.375 0.84375
vt 0.3125 0.84375
vt 0.171875 0.875
vt 0.3125 0.875
vt 0.3125 0.84375
vt 0.171875 0.84375
vt 0.109375 0.875
vt 0.171875 0.875
vt 0.171875 0.84375
vt 0.109375 0.84375
vt 0.171875 1
vt 0.3125 1
vt 0.3125 0.875
vt 0.171875 0.875
vt 0.3125 1
vt 0.453125 1
vt 0.453125 0.875
vt 0.3125 0.875
vn 0.9549301787791895 0.29682991182809515 -0.000597579175090911
vn 0.0006151509976828097 0.000034204131990009146 0.9999998102096457
vn -0.9549301787791895 -0.29682991182809515 0.000597579175090911
vn -0.0006151509976828097 -0.000034204131990009146 -0.9999998102096457
vn -0.296829875932318 0.9549303651440784 0.00014993265852694408
vn 0.296829875932318 -0.9549303651440784 -0.00014993265852694408
usemtl m_3a25b084-b5bb-ad99-6daf-9eabe8ed43a6
f 68/196/49 71/195/49 69/194/49 66/193/49
f 67/200/50 68/199/50 66/198/50 65/197/50
f 72/204/51 67/203/51 65/202/51 70/201/51
f 71/208/52 72/207/52 70/206/52 69/205/52
f 70/212/53 65/211/53 66/210/53 69/209/53
f 71/216/54 68/215/54 67/214/54 72/213/54
o telha8
v -0.4631445007154548 -0.6772739802585778 -0.49987090956320346
v 0.014320588674139906 -0.5288590243445302 -0.5001696991507489
v -0.5002482351935735 -0.5579076846148235 -0.4998521461642761
v -0.022783145803978777 -0.409492728700776 -0.5001509357518216
v 0.014474389375207217 -0.5288505149782302 -0.25016974660488334
v -0.4629907000143874 -0.6772654708922777 -0.24987095701733786
v -0.022629345102911452 -0.409484219334476 -0.25015098320595586
v -0.5000944344925062 -0.5578991752485236 -0.24985219361841038
vt 0.390625 0.6875
vt 0.515625 0.6875
vt 0.515625 0.65625
vt 0.390625 0.65625
vt 0.328125 0.6875
vt 0.390625 0.6875
vt 0.390625 0.65625
vt 0.328125 0.65625
vt 0.203125 0.6875
vt 0.328125 0.6875
vt 0.328125 0.65625
vt 0.203125 0.65625
vt 0.140625 0.6875
vt 0.203125 0.6875
vt 0.203125 0.65625
vt 0.140625 0.65625
vt 0.203125 0.8125
vt 0.328125 0.8125
vt 0.328125 0.6875
vt 0.203125 0.6875
vt 0.328125 0.8125
vt 0.453125 0.8125
vt 0.453125 0.6875
vt 0.328125 0.6875
vn 0.9549301787791895 0.2968299118280951 -0.000597579175090911
vn -0.000615202804269311 -0.00003403746520009047 -0.9999998101834623
vn -0.9549301787791895 -0.2968299118280951 0.000597579175090911
vn 0.000615202804269311 0.00003403746520009047 0.9999998101834623
vn 0.29682987582494935 -0.9549303651500335 -0.00015010719141894094
vn -0.29682987582494935 0.9549303651500335 0.00015010719141894094
usemtl m_3a25b084-b5bb-ad99-6daf-9eabe8ed43a6
f 76/220/55 79/219/55 77/218/55 74/217/55
f 75/224/56 76/223/56 74/222/56 73/221/56
f 80/228/57 75/227/57 73/226/57 78/225/57
f 79/232/58 80/231/58 78/230/58 77/229/58
f 78/236/59 73/235/59 74/234/59 77/233/59
f 79/240/60 76/239/60 75/238/60 80/237/60
o coberturaA2
v -0.008278184479819595 -0.20945970923783813 -0.000007051206969199697
v 0.2623548060215112 -0.3657096174919426 -0.000032008982457198965
v -0.039528163553727125 -0.26358630585032145 0.000011577530263873204
v 0.23110482694760365 -0.4198362141044259 -0.000013380245224126064
v 0.26224570860250995 -0.3658187149871082 -0.5000319851779462
v -0.00838728189882082 -0.20956880673300377 -0.5000070274024582
v 0.23099572952860242 -0.41994531159959153 -0.5000133564407132
v -0.03963726097272835 -0.2636954033454871 -0.4999883986652252
vt 0 0.890625
vt 0.109375 0.890625
vt 0.109375 0.859375
vt 0 0.859375
vt 0 0.8984375
vt 0.140625 0.8984375
vt 0.140625 0.8671875
vt 0 0.8671875
vt 0 0.890625
vt 0.109375 0.890625
vt 0.109375 0.859375
vt 0 0.859375
vt 0 0.8984375
vt 0.140625 0.8984375
vt 0.140625 0.8671875
vt 0 0.8671875
vt 0 0.890625
vt 0.109375 0.890625
vt 0.109375 0.640625
vt 0 0.640625
vt 0 0.890625
vt 0.109375 0.890625
vt 0.109375 0.640625
vt 0 0.640625
vn 0.8660255696042586 -0.4999997064131343 -0.0000798648815616263
vn 0.0002181948380024052 0.00021819499033127028 0.9999999523909783
vn -0.8660255696042586 0.4999997064131343 0.0000798648815616263
vn -0.0002181948380024052 -0.00021819499033127028 -0.9999999523909783
vn 0.4999996651825203 0.8660255457997332 -0.0002980597957285007
vn -0.4999996651825203 -0.8660255457997332 0.0002980597957285007
usemtl m_3a25b084-b5bb-ad99-6daf-9eabe8ed43a6
f 84/244/61 87/243/61 85/242/61 82/241/61
f 83/248/62 84/247/62 82/246/62 81/245/62
f 88/252/63 83/251/63 81/250/63 86/249/63
f 87/256/64 88/255/64 86/254/64 85/253/64
f 86/260/65 81/259/65 82/258/65 85/257/65
f 87/264/66 84/263/66 83/262/66 88/261/66
o coberturaA
v -0.00816939956060908 -0.2093511530086386 0.49999292517480726
v 0.2624635909407217 -0.36560106126274305 0.49996796739931926
v -0.03941937863451661 -0.2634777496211219 0.5000115539120403
v 0.23121361186681416 -0.41972765787522637 0.49998659613655233
v 0.26235449352172047 -0.3657101587579087 -0.00003200879616988006
v -0.008278496979610306 -0.20946025050380424 -0.000007051020681880793
v 0.23110451444781294 -0.419836755370392 -0.000013380058936862671
v -0.039528476053517836 -0.26358684711628755 0.000011577716551136596
vt 0 0.90625
vt 0.109375 0.90625
vt 0.109375 0.875
vt 0 0.875
vt 0 0.90625
vt 0.140625 0.90625
vt 0.140625 0.875
vt 0 0.875
vt 0 0.90625
vt 0.109375 0.90625
vt 0.109375 0.875
vt 0 0.875
vt 0 0.90625
vt 0.140625 0.90625
vt 0.140625 0.875
vt 0 0.875
vt 0 0.890625
vt 0.109375 0.890625
vt 0.109375 0.640625
vt 0 0.640625
vt 0 0.90625
vt 0.109375 0.90625
vt 0.109375 0.625
vt 0 0.625
vn 0.8660255696042586 -0.4999997064131343 -0.0000798648815616263
vn 0.0002181948380024052 0.00021819499033127028 0.9999999523909783
vn -0.8660255696042586 0.4999997064131343 0.0000798648815616263
vn -0.0002181948380024052 -0.00021819499033127028 -0.9999999523909783
vn 0.4999996651825203 0.8660255457997332 -0.0002980597957285007
vn -0.4999996651825203 -0.8660255457997332 0.0002980597957285007
usemtl m_3a25b084-b5bb-ad99-6daf-9eabe8ed43a6
f 92/268/67 95/267/67 93/266/67 90/265/67
f 91/272/68 92/271/68 90/270/68 89/269/68
f 96/276/69 91/275/69 89/274/69 94/273/69
f 95/280/70 96/279/70 94/278/70 93/277/70
f 94/284/71 89/283/71 90/282/71 93/281/71
f 95/288/72 92/287/72 91/286/72 96/285/72
o coberturaA3
v -0.270277181803238 -0.3657105957419161 0.00008420878682335875
v 0.000355692176107536 -0.20946051143495192 -0.000008934899341783709
v -0.2390271623649307 -0.41983717202556625 0.00008920034192097526
v 0.03160571161441478 -0.26358708771860206 -0.000003943344244167202
v 0.00024659475710631096 -0.20956960893011753 -0.5000089110948308
v -0.27038627922223923 -0.36581969323708174 -0.4999157674086657
v 0.03149661419541355 -0.2636961852137677 -0.5000039195397332
v -0.23913625978393194 -0.4199462695207319 -0.49991077585356813
vt 0 0.890625
vt 0.109375 0.890625
vt 0.109375 0.859375
vt 0 0.859375
vt 0 0.890625
vt 0.140625 0.890625
vt 0.140625 0.859375
vt 0 0.859375
vt 0 0.890625
vt 0.109375 0.890625
vt 0.109375 0.859375
vt 0 0.859375
vt 0 0.890625
vt 0.140625 0.890625
vt 0.140625 0.859375
vt 0 0.859375
vt 0 0.890625
vt 0.109375 0.890625
vt 0.109375 0.640625
vt 0 0.640625
vt 0 0.890625
vt 0.109375 0.890625
vt 0.109375 0.640625
vt 0 0.640625
vn 0.8660251967339055 0.5000002697822855 -0.00029805979572849523
vn 0.00021819483800240524 0.00021819499033127028 0.9999999523909784
vn -0.8660251967339055 -0.5000002697822855 0.00029805979572849523
vn -0.00021819483800240524 -0.00021819499033127028 -0.9999999523909784
vn -0.5000003110129162 0.8660252205384023 -0.00007986488156164665
vn 0.5000003110129162 -0.8660252205384023 0.00007986488156164665
usemtl m_3a25b084-b5bb-ad99-6daf-9eabe8ed43a6
f 100/292/73 103/291/73 101/290/73 98/289/73
f 99/296/74 100/295/74 98/294/74 97/293/74
f 104/300/75 99/299/75 97/298/75 102/297/75
f 103/304/76 104/303/76 102/302/76 101/301/76
f 102/308/77 97/307/77 98/306/77 101/305/77
f 103/312/78 100/311/78 99/310/78 104/309/78
o coberturaA4
v -0.2701680843842368 -0.3656014982467505 0.5000841849823126
v 0.00046478959510876106 -0.20935141393978624 0.49999104129614735
v -0.2389180649459295 -0.4197280745304006 0.50008917653741
v 0.031714809033416 -0.2634779902234364 0.49999603285124494
v 0.000355692176107536 -0.20946051143495187 -0.000008934899341811464
v -0.270277181803238 -0.3657105957419161 0.000084208786823331
v 0.03160571161441478 -0.263587087718602 -0.000003943344244194957
v -0.2390271623649307 -0.41983717202556625 0.0000892003419209475
vt 0 0.890625
vt 0.109375 0.890625
vt 0.109375 0.859375
vt 0 0.859375
vt 0 0.890625
vt 0.140625 0.890625
vt 0.140625 0.859375
vt 0 0.859375
vt 0 0.890625
vt 0.109375 0.890625
vt 0.109375 0.859375
vt 0 0.859375
vt 0 0.890625
vt 0.140625 0.890625
vt 0.140625 0.859375
vt 0 0.859375
vt 0 0.890625
vt 0.109375 0.890625
vt 0.109375 0.640625
vt 0 0.640625
vt 0 0.890625
vt 0.109375 0.890625
vt 0.109375 0.640625
vt 0 0.640625
vn 0.8660251967339055 0.5000002697822855 -0.00029805979572849523
vn 0.00021819483800240524 0.00021819499033127028 0.9999999523909784
vn -0.8660251967339055 -0.5000002697822855 0.00029805979572849523
vn -0.00021819483800240524 -0.00021819499033127028 -0.9999999523909784
vn -0.5000003110129162 0.8660252205384023 -0.00007986488156164665
vn 0.5000003110129162 -0.8660252205384023 0.00007986488156164665
usemtl m_3a25b084-b5bb-ad99-6daf-9eabe8ed43a6
f 108/316/79 111/315/79 109/314/79 106/313/79
f 107/320/80 108/319/80 106/318/80 105/317/80
f 112/324/81 107/323/81 105/322/81 110/321/81
f 111/328/82 112/327/82 110/326/82 109/325/82
f 110/332/83 105/331/83 106/330/83 109/329/83
f 111/336/84 108/335/84 107/334/84 112/333/84