# Made in Blockbench 4.12.4
mtllib pipa_ratinho.mtl

o linha
v 0 8.5 0
v 1.83697019872103e-15 8.5 15
v 0 -0.5 0
v 1.83697019872103e-15 -0.5 15
v 1.83697019872103e-15 8.5 15
v 0 8.5 0
v 1.83697019872103e-15 -0.5 15
v 0 -0.5 0
vt 0.46875 1
vt 0.46875 1
vt 0.46875 0.4375
vt 0.46875 0.4375
vt 0 1
vt 0.46875 1
vt 0.46875 0.4375
vt 0 0.4375
vt 0 1
vt 0 1
vt 0 0.4375
vt 0 0.4375
vt 0.46875 1
vt 0.9375 1
vt 0.9375 0.4375
vt 0.46875 0.4375
vt 0 1.9375
vt 0 1.9375
vt 0 1
vt 0 1
vt 0 1.9375
vt 0 1.9375
vt 0 1
vt 0 1
vn 1.2246467991473532e-16 0 1
vn -1 0 1.2246467991473532e-16
vn -1.2246467991473532e-16 0 -1
vn 1 0 -1.2246467991473532e-16
vn 0 1 0
vn 0 -1 0
usemtl m_d742cb17-9bb6-e694-5219-4180ea06ba65
f 4/4/1 7/3/1 5/2/1 2/1/1
f 3/8/2 4/7/2 2/6/2 1/5/2
f 8/12/3 3/11/3 1/10/3 6/9/3
f 7/16/4 8/15/4 6/14/4 5/13/4
f 6/20/5 1/19/5 2/18/5 5/17/5
f 7/24/6 4/23/6 3/22/6 8/21/6
o cabestro
v -0.23396076543609787 8.626650022533314 15.148215413018113
v 0.26063708423073356 8.553349496580607 15.148215468489054
v -0.2606370842307299 8.446650503419393 14.976784531510946
v 0.23396076543610153 8.373349977466686 14.976784586981887
v 0.26063708423073356 8.553349496580607 15.148215468489054
v -0.23396076543609787 8.626650022533314 15.148215413018113
v 0.23396076543610153 8.373349977466686 14.976784586981887
v -0.2606370842307299 8.446650503419393 14.976784531510946
vt 0.015625 0.3671875
vt 0.015625 0.3671875
vt 0.015625 0.3515625
vt 0.015625 0.3515625
vt 0 0.3671875
vt 0.015625 0.3671875
vt 0.015625 0.3515625
vt 0 0.3515625
vt 0 0.3671875
vt 0 0.3671875
vt 0 0.3515625
vt 0 0.3515625
vt 0 0.3515625
vt 0.015625 0.3515625
vt 0.015625 0.3359375
vt 0 0.3359375
vt 0 0.3984375
vt 0 0.3984375
vt 0 0.3671875
vt 0 0.3671875
vt 0 0.3984375
vt 0 0.3984375
vt 0 0.3671875
vt 0 0.3671875
vn 0.9891956993336631 -0.14660105190541134 1.1094188519245043e-7
vn -0.10052787011003468 -0.678314751041391 0.7278621063434996
vn -0.9891956993336631 0.14660105190541134 -1.1094188519245043e-7
vn 0.10052787011003468 0.678314751041391 -0.7278621063434996
vn 0.10670527517852813 0.7199980764556824 0.6857235260286699
vn -0.10670527517852813 -0.7199980764556824 -0.6857235260286699
usemtl m_d742cb17-9bb6-e694-5219-4180ea06ba65
f 12/28/7 15/27/7 13/26/7 10/25/7
f 11/32/8 12/31/8 10/30/8 9/29/8
f 16/36/9 11/35/9 9/34/9 14/33/9
f 15/40/10 16/39/10 14/38/10 13/37/10
f 14/44/11 9/43/11 10/42/11 13/41/11
f 15/48/12 12/47/12 11/46/12 16/45/12
o pipa
v 0.1989952948112158 8.35114100744164 15.552412228268864
v 0.2619869715879857 8.775063739115526 15.097498427393354
v 0.1989952948112158 8.35114100744164 15.552412228268864
v 0.2619869715879857 8.775063739115526 15.097498427393354
v -0.1707746247494567 8.839279343025854 15.097415061331347
v -0.23376630152622657 8.415356611351969 15.552328862206856
v -0.1707746247494567 8.839279343025854 15.097415061331347
v -0.23376630152622657 8.415356611351969 15.552328862206856
vt 0.048828125 0.37890625
vt 0.0625 0.37890625
vt 0.0625 0.37890625
vt 0.048828125 0.37890625
vt 0.01953125 0.37890625
vt 0.0390625 0.37890625
vt 0.0390625 0.37890625
vt 0.01953125 0.37890625
vt 0 0.37890625
vt 0.013671875 0.37890625
vt 0.013671875 0.37890625
vt 0 0.37890625
vt -0.029296875 0.37890625
vt -0.009765625 0.37890625
vt -0.009765625 0.37890625
vt -0.029296875 0.37890625
vt 0.001953125 0.39453125
vt 0.015625 0.39453125
vt 0.015625 0.43359375
vt 0.001953125 0.43359375
vt 0 0.3515625
vt 0.013671875 0.3515625
vt 0.013671875 0.3125
vt 0 0.3125
vn 0.10078668284283179 0.6782763706782167 -0.7278620814008139
vn 0.9891693630570111 -0.1467785232236099 0.00019055099887532734
vn -0.10078668284283179 -0.6782763706782167 0.7278620814008139
vn -0.9891693630570111 0.1467785232236099 -0.00019055099887532734
vn 0.10670527517852808 0.7199980764556824 0.6857235260286699
vn -0.10670527517852808 -0.7199980764556824 -0.6857235260286699
usemtl m_d742cb17-9bb6-e694-5219-4180ea06ba65
f 20/52/13 23/51/13 21/50/13 18/49/13
f 19/56/14 20/55/14 18/54/14 17/53/14
f 24/60/15 19/59/15 17/58/15 22/57/15
f 23/64/16 24/63/16 22/62/16 21/61/16
f 22/68/17 17/67/17 18/66/17 21/65/17
f 23/72/18 20/71/18 19/70/18 24/69/18
o pipa
v 0.2024164327510789 8.373667746376782 15.573799420078673
v 0.2652464332208424 8.797614508499056 15.118885654704389
v 0.2024164327510789 8.373667746376782 15.573799420078673
v 0.2652464332208424 8.797614508499056 15.118885654704389
v 0.24523919637184172 8.662614884325134 14.990312477305027
v 0.18240919590207821 8.23866812220286 15.445226242679311
v 0.24523919637184172 8.662614884325134 14.990312477305027
v 0.18240919590207821 8.23866812220286 15.445226242679311
vt 0.048828125 0.37890625
vt 0.0546875 0.37890625
vt 0.0546875 0.37890625
vt 0.048828125 0.37890625
vt 0.01953125 0.37890625
vt 0.0390625 0.37890625
vt 0.0390625 0.37890625
vt 0.01953125 0.37890625
vt 0 0.37890625
vt 0.005859375 0.37890625
vt 0.005859375 0.37890625
vt 0 0.37890625
vt -0.029296875 0.37890625
vt -0.009765625 0.37890625
vt -0.009765625 0.37890625
vt -0.029296875 0.37890625
vt 0.001953125 0.39453125
vt 0.0078125 0.39453125
vt 0.0078125 0.43359375
vt 0.001953125 0.43359375
vt 0 0.3515625
vt 0.005859375 0.3515625
vt 0.005859375 0.3125
vt 0 0.3125
vn 0.10052800075162178 0.6783148193956393 -0.7278620245988542
vn 0.10670526319467008 0.7199979955942504 0.6857236127965977
vn -0.10052800075162178 -0.6783148193956393 0.7278620245988542
vn -0.10670526319467008 -0.7199979955942504 -0.6857236127965977
vn -0.9891956873497976 0.14660113276684741 -1.9770980785871473e-7
vn 0.9891956873497976 -0.14660113276684741 1.9770980785871473e-7
usemtl m_d742cb17-9bb6-e694-5219-4180ea06ba65
f 28/76/19 31/75/19 29/74/19 26/73/19
f 27/80/20 28/79/20 26/78/20 25/77/20
f 32/84/21 27/83/21 25/82/21 30/81/21
f 31/88/22 32/87/22 30/86/22 29/85/22
f 30/92/23 25/91/23 26/90/23 29/89/23
f 31/96/24 28/95/24 27/94/24 32/93/24
o pipa
v -0.23035670944567108 8.437805692524266 15.57379936283624
v -0.1675266681504109 8.861752476007242 15.118885623007165
v -0.23035670944567108 8.437805692524266 15.57379936283624
v -0.1675266681504109 8.861752476007242 15.118885623007165
v -0.1875338983483634 8.726752858594883 14.99031243747331
v -0.2503639396436236 8.302806075111908 15.445226177302386
v -0.1875338983483634 8.726752858594883 14.99031243747331
v -0.2503639396436236 8.302806075111908 15.445226177302386
vt 0.048828125 0.37890625
vt 0.0546875 0.37890625
vt 0.0546875 0.37890625
vt 0.048828125 0.37890625
vt 0.01953125 0.37890625
vt 0.0390625 0.37890625
vt 0.0390625 0.37890625
vt 0.01953125 0.37890625
vt 0 0.37890625
vt 0.005859375 0.37890625
vt 0.005859375 0.37890625
vt 0 0.37890625
vt -0.029296875 0.37890625
vt -0.009765625 0.37890625
vt -0.009765625 0.37890625
vt -0.029296875 0.37890625
vt 0.001953125 0.39453125
vt 0.0078125 0.39453125
vt 0.0078125 0.43359375
vt 0.001953125 0.43359375
vt 0 0.3515625
vt 0.005859375 0.3515625
vt 0.005859375 0.3125
vt 0 0.3125
vn 0.1005280660724164 0.6783148535727611 -0.7278619837265191
vn 0.106705227722413 0.7199979595325807 0.6857236561805551
vn -0.1005280660724164 -0.6783148535727611 0.7278619837265191
vn -0.106705227722413 -0.7199979595325807 -0.6857236561805551
vn -0.989195684537922 0.14660115173996333 -2.615299192904041e-7
vn 0.989195684537922 -0.14660115173996333 2.615299192904041e-7
usemtl m_d742cb17-9bb6-e694-5219-4180ea06ba65
f 36/100/25 39/99/25 37/98/25 34/97/25
f 35/104/26 36/103/26 34/102/26 33/101/26
f 40/108/27 35/107/27 33/106/27 38/105/27
f 39/112/28 40/111/28 38/110/28 37/109/28
f 38/116/29 33/115/29 34/114/29 37/113/29
f 39/120/30 36/119/30 35/118/30 40/117/30