# Made in Blockbench 4.12.4
mtllib pipa_abobora.mtl

o linha
v 0 8.5 0
v 1.83697019872103e-15 8.5 15
v 0 -0.5 0
v 1.83697019872103e-15 -0.5 15
v 1.83697019872103e-15 8.5 15
v 0 8.5 0
v 1.83697019872103e-15 -0.5 15
v 0 -0.5 0
vt 0.46875 1
vt 0.46875 1
vt 0.46875 0.4375
vt 0.46875 0.4375
vt 0 1
vt 0.46875 1
vt 0.46875 0.4375
vt 0 0.4375
vt 0 1
vt 0 1
vt 0 0.4375
vt 0 0.4375
vt 0.46875 1
vt 0.9375 1
vt 0.9375 0.4375
vt 0.46875 0.4375
vt 0 1.9375
vt 0 1.9375
vt 0 1
vt 0 1
vt 0 1.9375
vt 0 1.9375
vt 0 1
vt 0 1
vn 1.2246467991473532e-16 0 1
vn -1 0 1.2246467991473532e-16
vn -1.2246467991473532e-16 0 -1
vn 1 0 -1.2246467991473532e-16
vn 0 1 0
vn 0 -1 0
usemtl m_cd556555-9de1-1b67-c8a6-68f051dd5d23
f 4/4/1 7/3/1 5/2/1 2/1/1
f 3/8/2 4/7/2 2/6/2 1/5/2
f 8/12/3 3/11/3 1/10/3 6/9/3
f 7/16/4 8/15/4 6/14/4 5/13/4
f 6/20/5 1/19/5 2/18/5 5/17/5
f 7/24/6 4/23/6 3/22/6 8/21/6
o cabestro
v 1.85235959988733e-15 8.781580897716735 15.125663996974595
v 1.901247784596463e-15 8.480520263790284 15.52486631998863
v 1.8339249528029647e-15 8.581979736209716 14.97513368001137
v 1.8828131375120977e-15 8.280919102283265 15.374336003025405
v 1.901247784596463e-15 8.480520263790284 15.52486631998863
v 1.85235959988733e-15 8.781580897716735 15.125663996974595
v 1.8828131375120977e-15 8.280919102283265 15.374336003025405
v 1.8339249528029647e-15 8.581979736209716 14.97513368001137
vt 0.015625 0.3671875
vt 0.015625 0.3671875
vt 0.015625 0.3515625
vt 0.015625 0.3515625
vt 0 0.3671875
vt 0.015625 0.3671875
vt 0.015625 0.3515625
vt 0 0.3515625
vt 0 0.3671875
vt 0 0.3671875
vt 0 0.3515625
vt 0 0.3515625
vt 0 0.3515625
vt 0.015625 0.3515625
vt 0.015625 0.3359375
vt 0 0.3359375
vt 0 0.3984375
vt 0 0.3984375
vt 0 0.3671875
vt 0 0.3671875
vt 0 0.3984375
vt 0 0.3984375
vt 0 0.3671875
vt 0 0.3671875
vn 9.777636941826559e-17 -0.6021212678529023 0.7984046460280736
vn -1 0 1.2246467991473532e-16
vn -9.777636941826559e-17 0.6021212678529023 -0.7984046460280736
vn 1 0 -1.2246467991473532e-16
vn 7.37385883374603e-17 0.7984046460280736 0.6021212678529023
vn -7.37385883374603e-17 -0.7984046460280736 -0.6021212678529023
usemtl m_cd556555-9de1-1b67-c8a6-68f051dd5d23
f 12/28/7 15/27/7 13/26/7 10/25/7
f 11/32/8 12/31/8 10/30/8 9/29/8
f 16/36/9 11/35/9 9/34/9 14/33/9
f 15/40/10 16/39/10 14/38/10 13/37/10
f 14/44/11 9/43/11 10/42/11 13/41/11
f 15/48/12 12/47/12 11/46/12 16/45/12
o pipa
v -0.31249999999999817 8.93211081882121 14.92606348410979
v -0.31249999999999806 8.405254709449919 15.624667549384355
v -0.31249999999999817 8.93211081882121 14.92606348410979
v -0.31249999999999806 8.405254709449919 15.624667549384355
v 0.31250000000000194 8.405254709449919 15.624667549384355
v 0.31250000000000183 8.93211081882121 14.92606348410979
v 0.31250000000000194 8.405254709449919 15.624667549384355
v 0.31250000000000183 8.93211081882121 14.92606348410979
vt 0.048828125 0.37890625
vt 0.068359375 0.37890625
vt 0.068359375 0.37890625
vt 0.048828125 0.37890625
vt 0.01953125 0.37890625
vt 0.046875 0.37890625
vt 0.046875 0.37890625
vt 0.01953125 0.37890625
vt 0 0.37890625
vt 0.01953125 0.37890625
vt 0.01953125 0.37890625
vt 0 0.37890625
vt -0.029296875 0.37890625
vt -0.001953125 0.37890625
vt -0.001953125 0.37890625
vt -0.029296875 0.37890625
vt 0 0.37890625
vt 0.01953125 0.37890625
vt 0.01953125 0.43359375
vt 0 0.43359375
vt 0 0.3515625
vt 0.01953125 0.3515625
vt 0.01953125 0.296875
vt 0 0.296875
vn 9.777636941826559e-17 -0.6021212678529023 0.7984046460280736
vn -1 0 1.2246467991473532e-16
vn -9.777636941826559e-17 0.6021212678529023 -0.7984046460280736
vn 1 0 -1.2246467991473532e-16
vn 7.37385883374603e-17 0.7984046460280736 0.6021212678529023
vn -7.37385883374603e-17 -0.7984046460280736 -0.6021212678529023
usemtl m_cd556555-9de1-1b67-c8a6-68f051dd5d23
f 20/52/13 23/51/13 21/50/13 18/49/13
f 19/56/14 20/55/14 18/54/14 17/53/14
f 24/60/15 19/59/15 17/58/15 22/57/15
f 23/64/16 24/63/16 22/62/16 21/61/16
f 22/68/17 17/67/17 18/66/17 21/65/17
f 23/72/18 20/71/18 19/70/18 24/69/18
o rabiola
v -0.12499999999999808 8.407621577944091 15.626287670371008
v -0.12499999999999777 6.79557830757347 18.230173755523886
v -0.12499999999999808 8.407621577944091 15.626287670371008
v -0.12499999999999777 6.79557830757347 18.230173755523886
v 0.12500000000000225 6.79557830757347 18.230173755523886
v 0.12500000000000192 8.407621577944091 15.626287670371008
v 0.12500000000000225 6.79557830757347 18.230173755523886
v 0.12500000000000192 8.407621577944091 15.626287670371008
vt 0.048828125 0.37890625
vt 0.056640625 0.37890625
vt 0.056640625 0.37890625
vt 0.048828125 0.37890625
vt 0.01953125 0.37890625
vt 0.115234375 0.37890625
vt 0.115234375 0.37890625
vt 0.01953125 0.37890625
vt 0 0.37890625
vt 0.0078125 0.37890625
vt 0.0078125 0.37890625
vt 0 0.37890625
vt -0.029296875 0.37890625
vt 0.06640625 0.37890625
vt 0.06640625 0.37890625
vt -0.029296875 0.37890625
vt 0.0234375 0.2421875
vt 0.03125 0.2421875
vt 0.03125 0.43359375
vt 0.0234375 0.43359375
vt 0 0.3515625
vt 0.0078125 0.3515625
vt 0.0078125 0.16015625
vt 0 0.16015625
vn 1.0412541255597738e-16 -0.5263814760393867 0.8502485176009404
vn -1 -1.2325951644078307e-32 1.2246467991473532e-16
vn -1.0412541255597738e-16 0.5263814760393867 -0.8502485176009404
vn 1 1.2325951644078307e-32 -1.2246467991473532e-16
vn 6.446313897620941e-17 0.8502485176009404 0.5263814760393867
vn -6.446313897620941e-17 -0.8502485176009404 -0.5263814760393867
usemtl m_cd556555-9de1-1b67-c8a6-68f051dd5d23
f 28/76/19 31/75/19 29/74/19 26/73/19
f 27/80/20 28/79/20 26/78/20 25/77/20
f 32/84/21 27/83/21 25/82/21 30/81/21
f 31/88/22 32/87/22 30/86/22 29/85/22
f 30/92/23 25/91/23 26/90/23 29/89/23
f 31/96/24 28/95/24 27/94/24 32/93/24