# Made in Blockbench 4.12.4
mtllib telhado3m.mtl

o telha
v 0.499375 0.6364216245106055 0.024255851350434707
v 0.499375 0.7117558513504346 -0.07392162451060566
v 0.499375 -1.1972162832375117 -1.3827440014459702
v 0.499375 -1.1218820563976826 -1.4809214773070105
v -0.499375 0.7117558513504346 -0.07392162451060566
v -0.499375 0.6364216245106055 0.024255851350434707
v -0.499375 -1.1218820563976826 -1.4809214773070105
v -0.499375 -1.1972162832375117 -1.3827440014459702
vt 0 1
vt 0.5 1
vt 0.5 0
vt 0 0
vt 0 1
vt 0.0625 1
vt 0.0625 0
vt 0 0
vt 0 1
vt 0.5 1
vt 0.5 0
vt 0 0
vt 0 1
vt 0.0625 1
vt 0.0625 0
vt 0 0
vt 0 1
vt 0.5 1
vt 0.5 0.9375
vt 0 0.9375
vt 0 1
vt 0.5 1
vt 0.5 0.9375
vt 0 0.9375
vn 0 0.6087614290087204 -0.7933533402912353
vn 1 0 0
vn 0 -0.6087614290087204 0.7933533402912353
vn -1 0 0
vn 0 0.7933533402912353 0.6087614290087204
vn 0 -0.7933533402912353 -0.6087614290087204
usemtl m_072412b6-b3a7-dc78-3f09-0afb59b7ab17
f 4/4/1 7/3/1 5/2/1 2/1/1
f 3/8/2 4/7/2 2/6/2 1/5/2
f 8/12/3 3/11/3 1/10/3 6/9/3
f 7/16/4 8/15/4 6/14/4 5/13/4
f 6/20/5 1/19/5 2/18/5 5/17/5
f 7/24/6 4/23/6 3/22/6 8/21/6
o ripa1
v 0.49937500000000057 0.20268905672730697 -0.22977932759946246
v 0.49937500000000107 0.2399756942540911 -0.27837221969230064
v -0.49937499999999946 0.2026890567273118 -0.22977932759946884
v -0.499374999999999 0.23997569425409593 -0.278372219692307
v 0.49937500000000107 0.33815317011513146 -0.20303799285247148
v 0.49937500000000057 0.30086653258834734 -0.1544451007596333
v -0.499374999999999 0.3381531701151363 -0.2030379928524778
v -0.49937499999999946 0.30086653258835216 -0.1544451007596397
vt 0.59375 1
vt 0.65625 1
vt 0.65625 0.59375
vt 0.59375 0.59375
vt 0.59375 1
vt 0.625 1
vt 0.625 0.59375
vt 0.59375 0.59375
vt 0.59375 1
vt 0.65625 1
vt 0.65625 0.59375
vt 0.59375 0.59375
vt 0.59375 1
vt 0.625 1
vt 0.625 0.59375
vt 0.59375 0.59375
vt 0.59375 1
vt 0.65625 1
vt 0.65625 1
vt 0.59375 1
vt 0.59375 1
vt 0.65625 1
vt 0.65625 1
vt 0.59375 1
vn 7.993605777301127e-15 0.6087614290087207 -0.7933533402912352
vn 5.551115123125704e-17 -0.7933533402912353 -0.6087614290087205
vn -7.993605777301127e-15 -0.6087614290087207 0.7933533402912352
vn -5.551115123125704e-17 0.7933533402912353 0.6087614290087205
vn 1 -4.811912009166199e-15 6.453379897144814e-15
vn -1 4.811912009166199e-15 -6.453379897144814e-15
usemtl m_072412b6-b3a7-dc78-3f09-0afb59b7ab17
f 12/28/7 15/27/7 13/26/7 10/25/7
f 11/32/8 12/31/8 10/30/8 9/29/8
f 16/36/9 11/35/9 9/34/9 14/33/9
f 15/40/10 16/39/10 14/38/10 13/37/10
f 14/44/11 9/43/11 10/42/11 13/41/11
f 15/48/12 12/47/12 11/46/12 16/45/12
o ripa2
v 0.4993750000000007 -0.39232594849111935 -0.6863503993560028
v 0.4993750000000012 -0.35503931096433516 -0.734943291448841
v -0.49937499999999935 -0.3923259484911146 -0.6863503993560092
v -0.4993749999999989 -0.3550393109643304 -0.7349432914488474
v 0.4993750000000011 -0.25686183510329497 -0.659609064609012
v 0.4993750000000006 -0.29414847263007915 -0.6110161725161738
v -0.4993749999999989 -0.2568618351032902 -0.6596090646090182
v -0.49937499999999935 -0.2941484726300744 -0.6110161725161801
vt 0.59375 1
vt 0.65625 1
vt 0.65625 0.59375
vt 0.59375 0.59375
vt 0.59375 1
vt 0.625 1
vt 0.625 0.59375
vt 0.59375 0.59375
vt 0.59375 1
vt 0.65625 1
vt 0.65625 0.59375
vt 0.59375 0.59375
vt 0.59375 1
vt 0.625 1
vt 0.625 0.59375
vt 0.59375 0.59375
vt 0.59375 1
vt 0.65625 1
vt 0.65625 1
vt 0.59375 1
vt 0.59375 1
vt 0.65625 1
vt 0.65625 1
vt 0.59375 1
vn 7.993605777301127e-15 0.6087614290087207 -0.7933533402912352
vn 5.551115123125704e-17 -0.7933533402912353 -0.6087614290087205
vn -7.993605777301127e-15 -0.6087614290087207 0.7933533402912352
vn -5.551115123125704e-17 0.7933533402912353 0.6087614290087205
vn 1 -4.811912009166199e-15 6.453379897144814e-15
vn -1 4.811912009166199e-15 -6.453379897144814e-15
usemtl m_072412b6-b3a7-dc78-3f09-0afb59b7ab17
f 20/52/13 23/51/13 21/50/13 18/49/13
f 19/56/14 20/55/14 18/54/14 17/53/14
f 24/60/15 19/59/15 17/58/15 22/57/15
f 23/64/16 24/63/16 22/62/16 21/61/16
f 22/68/17 17/67/17 18/66/17 21/65/17
f 23/72/18 20/71/18 19/70/18 24/69/18
o ripa3
v 0.49937500000000073 -1.0369255374777482 -1.1809690604255887
v 0.49937500000000123 -0.9996388999509639 -1.2295619525184267
v -0.49937499999999924 -1.0369255374777433 -1.1809690604255951
v -0.4993749999999988 -0.999638899950959 -1.2295619525184331
v 0.49937500000000123 -0.9014614240899234 -1.1542277256785973
v 0.49937500000000073 -0.9387480616167075 -1.1056348335857593
v -0.4993749999999988 -0.9014614240899185 -1.1542277256786038
v -0.49937499999999924 -0.9387480616167027 -1.1056348335857658
vt 0.59375 1
vt 0.65625 1
vt 0.65625 0.59375
vt 0.59375 0.59375
vt 0.59375 1
vt 0.625 1
vt 0.625 0.59375
vt 0.59375 0.59375
vt 0.59375 1
vt 0.65625 1
vt 0.65625 0.59375
vt 0.59375 0.59375
vt 0.59375 1
vt 0.625 1
vt 0.625 0.59375
vt 0.59375 0.59375
vt 0.59375 1
vt 0.65625 1
vt 0.65625 1
vt 0.59375 1
vt 0.59375 1
vt 0.65625 1
vt 0.65625 1
vt 0.59375 1
vn 7.993605777301127e-15 0.6087614290087207 -0.7933533402912352
vn 5.551115123125704e-17 -0.7933533402912353 -0.6087614290087205
vn -7.993605777301127e-15 -0.6087614290087207 0.7933533402912352
vn -5.551115123125704e-17 0.7933533402912353 0.6087614290087205
vn 1 -4.811912009166199e-15 6.453379897144814e-15
vn -1 4.811912009166199e-15 -6.453379897144814e-15
usemtl m_072412b6-b3a7-dc78-3f09-0afb59b7ab17
f 28/76/19 31/75/19 29/74/19 26/73/19
f 27/80/20 28/79/20 26/78/20 25/77/20
f 32/84/21 27/83/21 25/82/21 30/81/21
f 31/88/22 32/87/22 30/86/22 29/85/22
f 30/92/23 25/91/23 26/90/23 29/89/23
f 31/96/24 28/95/24 27/94/24 32/93/24
o telha
v 0.499375 -1.198207974912876 -1.3835049532322314
v 0.499375 -1.1228737480730466 -1.481682429093272
v 0.499375 -1.742646704687736 -1.801267483889466
v 0.499375 -1.667312477847907 -1.8994449597505065
v -0.499375 -1.1228737480730466 -1.481682429093272
v -0.499375 -1.198207974912876 -1.3835049532322314
v -0.499375 -1.667312477847907 -1.8994449597505065
v -0.499375 -1.742646704687736 -1.801267483889466
vt 0 1
vt 0.5 1
vt 0.5 0.65625
vt 0 0.65625
vt 0 1
vt 0.0625 1
vt 0.0625 0.65625
vt 0 0.65625
vt 0 1
vt 0.5 1
vt 0.5 0.65625
vt 0 0.65625
vt 0 1
vt 0.0625 1
vt 0.0625 0.65625
vt 0 0.65625
vt 0 1
vt 0.5 1
vt 0.5 0.9375
vt 0 0.9375
vt 0 1
vt 0.5 1
vt 0.5 0.9375
vt 0 0.9375
vn 0 0.6087614290087204 -0.7933533402912353
vn 1 0 0
vn 0 -0.6087614290087204 0.7933533402912353
vn -1 0 0
vn 0 0.7933533402912353 0.6087614290087204
vn 0 -0.7933533402912353 -0.6087614290087204
usemtl m_072412b6-b3a7-dc78-3f09-0afb59b7ab17
f 36/100/25 39/99/25 37/98/25 34/97/25
f 35/104/26 36/103/26 34/102/26 33/101/26
f 40/108/27 35/107/27 33/106/27 38/105/27
f 39/112/28 40/111/28 38/110/28 37/109/28
f 38/116/29 33/115/29 34/114/29 37/113/29
f 39/120/30 36/119/30 35/118/30 40/117/30
o ripa2
v 0.49937500000000057 -1.6319405426961744 -1.6375401321821288
v 0.49937500000000107 -1.5946539051693902 -1.6861330242749673
v -0.49937499999999946 -1.6319405426961695 -1.637540132182135
v -0.499374999999999 -1.5946539051693853 -1.6861330242749735
v 0.49937500000000107 -1.4964764293083497 -1.6107987974351379
v 0.49937500000000057 -1.5337630668351339 -1.5622059053422996
v -0.499374999999999 -1.4964764293083448 -1.6107987974351443
v -0.49937499999999946 -1.5337630668351292 -1.562205905342306
vt 0.59375 1
vt 0.65625 1
vt 0.65625 0.59375
vt 0.59375 0.59375
vt 0.59375 1
vt 0.625 1
vt 0.625 0.59375
vt 0.59375 0.59375
vt 0.59375 1
vt 0.65625 1
vt 0.65625 0.59375
vt 0.59375 0.59375
vt 0.59375 1
vt 0.625 1
vt 0.625 0.59375
vt 0.59375 0.59375
vt 0.59375 1
vt 0.65625 1
vt 0.65625 1
vt 0.59375 1
vt 0.59375 1
vt 0.65625 1
vt 0.65625 1
vt 0.59375 1
vn 7.993605777301127e-15 0.6087614290087207 -0.7933533402912352
vn 5.551115123125704e-17 -0.7933533402912353 -0.6087614290087205
vn -7.993605777301127e-15 -0.6087614290087207 0.7933533402912352
vn -5.551115123125704e-17 0.7933533402912353 0.6087614290087205
vn 1 -4.811912009166199e-15 6.453379897144814e-15
vn -1 4.811912009166199e-15 -6.453379897144814e-15
usemtl m_072412b6-b3a7-dc78-3f09-0afb59b7ab17
f 44/124/31 47/123/31 45/122/31 42/121/31
f 43/128/32 44/127/32 42/126/32 41/125/32
f 48/132/33 43/131/33 41/130/33 46/129/33
f 47/136/34 48/135/34 46/134/34 45/133/34
f 46/140/35 41/139/35 42/138/35 45/137/35
f 47/144/36 44/143/36 43/142/36 48/141/36
o telha
v 0.499375 0.7117558513504346 0.07392162451060566
v 0.499375 0.6364216245106055 -0.024255851350434707
v 0.499375 -1.1218820563976826 1.4809214773070105
v 0.499375 -1.1972162832375117 1.3827440014459702
v -0.499375 0.6364216245106055 -0.024255851350434707
v -0.499375 0.7117558513504346 0.07392162451060566
v -0.499375 -1.1972162832375117 1.3827440014459702
v -0.499375 -1.1218820563976826 1.4809214773070105
vt 0 1
vt 0.5 1
vt 0.5 0
vt 0 0
vt 0.0625 1
vt 0.125 1
vt 0.125 0
vt 0.0625 0
vt 0 1
vt 0.5 1
vt 0.5 0
vt 0 0
vt 0.0625 1
vt 0.125 1
vt 0.125 0
vt 0.0625 0
vt 0 0.9375
vt 0.5 0.9375
vt 0.5 0.875
vt 0 0.875
vt 0 0.9375
vt 0.5 0.9375
vt 0.5 0.875
vt 0 0.875
vn 0 -0.6087614290087204 -0.7933533402912353
vn 1 0 0
vn 0 0.6087614290087204 0.7933533402912353
vn -1 0 0
vn 0 0.7933533402912353 -0.6087614290087204
vn 0 -0.7933533402912353 0.6087614290087204
usemtl m_072412b6-b3a7-dc78-3f09-0afb59b7ab17
f 52/148/37 55/147/37 53/146/37 50/145/37
f 51/152/38 52/151/38 50/150/38 49/149/38
f 56/156/39 51/155/39 49/154/39 54/153/39
f 55/160/40 56/159/40 54/158/40 53/157/40
f 54/164/41 49/163/41 50/162/41 53/161/41
f 55/168/42 52/167/42 51/166/42 56/165/42
o ripa2
v 0.49937500000000107 0.2399756942540911 0.27837221969230064
v 0.49937500000000057 0.20268905672730697 0.22977932759946246
v -0.499374999999999 0.23997569425409593 0.278372219692307
v -0.49937499999999946 0.2026890567273118 0.22977932759946884
v 0.49937500000000057 0.30086653258834734 0.1544451007596333
v 0.49937500000000107 0.33815317011513146 0.20303799285247148
v -0.49937499999999946 0.30086653258835216 0.1544451007596397
v -0.499374999999999 0.3381531701151363 0.2030379928524778
vt 0.65625 1
vt 0.59375 1
vt 0.59375 0.59375
vt 0.65625 0.59375
vt 0.625 1
vt 0.59375 1
vt 0.59375 0.59375
vt 0.625 0.59375
vt 0.65625 1
vt 0.59375 1
vt 0.59375 0.59375
vt 0.65625 0.59375
vt 0.625 1
vt 0.59375 1
vt 0.59375 0.59375
vt 0.625 0.59375
vt 0.59375 1
vt 0.65625 1
vt 0.65625 1
vt 0.59375 1
vt 0.59375 1
vt 0.65625 1
vt 0.65625 1
vt 0.59375 1
vn -7.993605777301127e-15 -0.6087614290087207 -0.7933533402912352
vn 5.551115123125704e-17 -0.7933533402912353 0.6087614290087205
vn 7.993605777301127e-15 0.6087614290087207 0.7933533402912352
vn -5.551115123125704e-17 0.7933533402912353 -0.6087614290087205
vn 1 -4.811912009166199e-15 -6.453379897144814e-15
vn -1 4.811912009166199e-15 6.453379897144814e-15
usemtl m_072412b6-b3a7-dc78-3f09-0afb59b7ab17
f 60/172/43 63/171/43 61/170/43 58/169/43
f 59/176/44 60/175/44 58/174/44 57/173/44
f 64/180/45 59/179/45 57/178/45 62/177/45
f 63/184/46 64/183/46 62/182/46 61/181/46
f 62/188/47 57/187/47 58/186/47 61/185/47
f 63/192/48 60/191/48 59/190/48 64/189/48
o ripa3
v 0.4993750000000012 -0.35503931096433516 0.734943291448841
v 0.4993750000000007 -0.39232594849111935 0.6863503993560028
v -0.4993749999999989 -0.3550393109643304 0.7349432914488474
v -0.49937499999999935 -0.3923259484911146 0.6863503993560092
v 0.4993750000000006 -0.29414847263007915 0.6110161725161738
v 0.4993750000000011 -0.25686183510329497 0.659609064609012
v -0.49937499999999935 -0.2941484726300744 0.6110161725161801
v -0.4993749999999989 -0.2568618351032902 0.6596090646090182
vt 0.65625 1
vt 0.59375 1
vt 0.59375 0.59375
vt 0.65625 0.59375
vt 0.625 1
vt 0.59375 1
vt 0.59375 0.59375
vt 0.625 0.59375
vt 0.65625 1
vt 0.59375 1
vt 0.59375 0.59375
vt 0.65625 0.59375
vt 0.625 1
vt 0.59375 1
vt 0.59375 0.59375
vt 0.625 0.59375
vt 0.59375 1
vt 0.65625 1
vt 0.65625 1
vt 0.59375 1
vt 0.59375 1
vt 0.65625 1
vt 0.65625 1
vt 0.59375 1
vn -7.993605777301127e-15 -0.6087614290087207 -0.7933533402912352
vn 5.551115123125704e-17 -0.7933533402912353 0.6087614290087205
vn 7.993605777301127e-15 0.6087614290087207 0.7933533402912352
vn -5.551115123125704e-17 0.7933533402912353 -0.6087614290087205
vn 1 -4.811912009166199e-15 -6.453379897144814e-15
vn -1 4.811912009166199e-15 6.453379897144814e-15
usemtl m_072412b6-b3a7-dc78-3f09-0afb59b7ab17
f 68/196/49 71/195/49 69/194/49 66/193/49
f 67/200/50 68/199/50 66/198/50 65/197/50
f 72/204/51 67/203/51 65/202/51 70/201/51
f 71/208/52 72/207/52 70/206/52 69/205/52
f 70/212/53 65/211/53 66/210/53 69/209/53
f 71/216/54 68/215/54 67/214/54 72/213/54
o ripa4
v 0.49937500000000123 -0.9996388999509639 1.2295619525184267
v 0.49937500000000073 -1.0369255374777482 1.1809690604255887
v -0.4993749999999988 -0.999638899950959 1.2295619525184331
v -0.49937499999999924 -1.0369255374777433 1.1809690604255951
v 0.49937500000000073 -0.9387480616167075 1.1056348335857593
v 0.49937500000000123 -0.9014614240899234 1.1542277256785973
v -0.49937499999999924 -0.9387480616167027 1.1056348335857658
v -0.4993749999999988 -0.9014614240899185 1.1542277256786038
vt 0.65625 1
vt 0.59375 1
vt 0.59375 0.59375
vt 0.65625 0.59375
vt 0.625 1
vt 0.59375 1
vt 0.59375 0.59375
vt 0.625 0.59375
vt 0.65625 1
vt 0.59375 1
vt 0.59375 0.59375
vt 0.65625 0.59375
vt 0.625 1
vt 0.59375 1
vt 0.59375 0.59375
vt 0.625 0.59375
vt 0.59375 1
vt 0.65625 1
vt 0.65625 1
vt 0.59375 1
vt 0.59375 1
vt 0.65625 1
vt 0.65625 1
vt 0.59375 1
vn -7.993605777301127e-15 -0.6087614290087207 -0.7933533402912352
vn 5.551115123125704e-17 -0.7933533402912353 0.6087614290087205
vn 7.993605777301127e-15 0.6087614290087207 0.7933533402912352
vn -5.551115123125704e-17 0.7933533402912353 -0.6087614290087205
vn 1 -4.811912009166199e-15 -6.453379897144814e-15
vn -1 4.811912009166199e-15 6.453379897144814e-15
usemtl m_072412b6-b3a7-dc78-3f09-0afb59b7ab17
f 76/220/55 79/219/55 77/218/55 74/217/55
f 75/224/56 76/223/56 74/222/56 73/221/56
f 80/228/57 75/227/57 73/226/57 78/225/57
f 79/232/58 80/231/58 78/230/58 77/229/58
f 78/236/59 73/235/59 74/234/59 77/233/59
f 79/240/60 76/239/60 75/238/60 80/237/60
o telha
v 0.499375 -1.1228737480730466 1.481682429093272
v 0.499375 -1.198207974912876 1.3835049532322314
v 0.499375 -1.667312477847907 1.8994449597505065
v 0.499375 -1.742646704687736 1.801267483889466
v -0.499375 -1.198207974912876 1.3835049532322314
v -0.499375 -1.1228737480730466 1.481682429093272
v -0.499375 -1.742646704687736 1.801267483889466
v -0.499375 -1.667312477847907 1.8994449597505065
vt 0 1
vt 0.5 1
vt 0.5 0.65625
vt 0 0.65625
vt 0.0625 1
vt 0.125 1
vt 0.125 0.65625
vt 0.0625 0.65625
vt 0 1
vt 0.5 1
vt 0.5 0.65625
vt 0 0.65625
vt 0.0625 1
vt 0.125 1
vt 0.125 0.65625
vt 0.0625 0.65625
vt 0 0.9375
vt 0.5 0.9375
vt 0.5 0.875
vt 0 0.875
vt 0 0.9375
vt 0.5 0.9375
vt 0.5 0.875
vt 0 0.875
vn 0 -0.6087614290087204 -0.7933533402912353
vn 1 0 0
vn 0 0.6087614290087204 0.7933533402912353
vn -1 0 0
vn 0 0.7933533402912353 -0.6087614290087204
vn 0 -0.7933533402912353 0.6087614290087204
usemtl m_072412b6-b3a7-dc78-3f09-0afb59b7ab17
f 84/244/61 87/243/61 85/242/61 82/241/61
f 83/248/62 84/247/62 82/246/62 81/245/62
f 88/252/63 83/251/63 81/250/63 86/249/63
f 87/256/64 88/255/64 86/254/64 85/253/64
f 86/260/65 81/259/65 82/258/65 85/257/65
f 87/264/66 84/263/66 83/262/66 88/261/66
o ripa3
v 0.49937500000000107 -1.5946539051693902 1.6861330242749673
v 0.49937500000000057 -1.6319405426961744 1.6375401321821288
v -0.499374999999999 -1.5946539051693853 1.6861330242749735
v -0.49937499999999946 -1.6319405426961695 1.637540132182135
v 0.49937500000000057 -1.5337630668351339 1.5622059053422996
v 0.49937500000000107 -1.4964764293083497 1.6107987974351379
v -0.49937499999999946 -1.5337630668351292 1.562205905342306
v -0.499374999999999 -1.4964764293083448 1.6107987974351443
vt 0.65625 1
vt 0.59375 1
vt 0.59375 0.59375
vt 0.65625 0.59375
vt 0.625 1
vt 0.59375 1
vt 0.59375 0.59375
vt 0.625 0.59375
vt 0.65625 1
vt 0.59375 1
vt 0.59375 0.59375
vt 0.65625 0.59375
vt 0.625 1
vt 0.59375 1
vt 0.59375 0.59375
vt 0.625 0.59375
vt 0.59375 1
vt 0.65625 1
vt 0.65625 1
vt 0.59375 1
vt 0.59375 1
vt 0.65625 1
vt 0.65625 1
vt 0.59375 1
vn -7.993605777301127e-15 -0.6087614290087207 -0.7933533402912352
vn 5.551115123125704e-17 -0.7933533402912353 0.6087614290087205
vn 7.993605777301127e-15 0.6087614290087207 0.7933533402912352
vn -5.551115123125704e-17 0.7933533402912353 -0.6087614290087205
vn 1 -4.811912009166199e-15 -6.453379897144814e-15
vn -1 4.811912009166199e-15 6.453379897144814e-15
usemtl m_072412b6-b3a7-dc78-3f09-0afb59b7ab17
f 92/268/67 95/267/67 93/266/67 90/265/67
f 91/272/68 92/271/68 90/270/68 89/269/68
f 96/276/69 91/275/69 89/274/69 94/273/69
f 95/280/70 96/279/70 94/278/70 93/277/70
f 94/284/71 89/283/71 90/282/71 93/281/71
f 95/288/72 92/287/72 91/286/72 96/285/72