# Made in Blockbench 4.12.4
mtllib vassoura.mtl

o Block1
v -0.15624999999999992 -0.12968971998214565 0.06687195984191191
v -0.15624999999999992 -0.1458659103010532 0.12724232398497864
v -0.15624999999999992 -0.2504304482682792 0.03451957920409682
v -0.15624999999999992 -0.2666066385871867 0.09488994334716358
v 0.15625000000000003 -0.14586591030105325 0.12724232398497862
v 0.15625000000000003 -0.1296897199821457 0.06687195984191185
v 0.15625000000000003 -0.2666066385871868 0.09488994334716352
v 0.15625000000000003 -0.2504304482682792 0.034519579204096776
vt 0.15625 1
vt 0.3125 1
vt 0.3125 0.9375
vt 0.15625 0.9375
vt 0.15625 1
vt 0.1875 1
vt 0.1875 0.9375
vt 0.15625 0.9375
vt 0.15625 1
vt 0.3125 1
vt 0.3125 0.9375
vt 0.15625 0.9375
vt 0.15625 1
vt 0.1875 1
vt 0.1875 0.9375
vt 0.15625 0.9375
vt 0.15625 1
vt 0.3125 1
vt 0.3125 0.96875
vt 0.15625 0.96875
vt 0.15625 1
vt 0.3125 1
vt 0.3125 0.96875
vt 0.15625 0.96875
vn 8.659560562354937e-17 -0.25881904510252074 0.9659258262890684
vn -1 1.2246467991473532e-16 1.2246467991473532e-16
vn -8.659560562354937e-17 0.25881904510252074 -0.9659258262890684
vn 1 -1.2246467991473532e-16 -1.2246467991473532e-16
vn 1.499879886521847e-16 0.9659258262890683 0.2588190451025208
vn -1.499879886521847e-16 -0.9659258262890683 -0.2588190451025208
usemtl m_c5083df8-7aa4-9201-9209-38235e80c717
f 4/4/1 7/3/1 5/2/1 2/1/1
f 3/8/2 4/7/2 2/6/2 1/5/2
f 8/12/3 3/11/3 1/10/3 6/9/3
f 7/16/4 8/15/4 6/14/4 5/13/4
f 6/20/5 1/19/5 2/18/5 5/17/5
f 7/24/6 4/23/6 3/22/6 8/21/6
o Block2
v -0.1874999999999999 -0.2504304482682792 0.03451957920409682
v -0.1874999999999999 -0.26660663858718675 0.09488994334716358
v -0.18749999999999994 -0.49191190484054625 -0.030185182071533354
v -0.18749999999999994 -0.5080880951594537 0.030185182071533406
v 0.1875 -0.2666066385871868 0.09488994334716354
v 0.1875 -0.25043044826827926 0.034519579204096776
v 0.18749999999999994 -0.5080880951594539 0.030185182071533364
v 0.18749999999999994 -0.4919119048405463 -0.030185182071533395
vt 0.21875 0.9375
vt 0.40625 0.9375
vt 0.40625 0.8125
vt 0.21875 0.8125
vt 0.21875 0.9375
vt 0.25 0.9375
vt 0.25 0.8125
vt 0.21875 0.8125
vt 0.21875 0.9375
vt 0.40625 0.9375
vt 0.40625 0.8125
vt 0.21875 0.8125
vt 0.21875 0.9375
vt 0.25 0.9375
vt 0.25 0.8125
vt 0.21875 0.8125
vt 0.21875 0.9375
vt 0.40625 0.9375
vt 0.40625 0.90625
vt 0.21875 0.90625
vt 0.21875 0.9375
vt 0.40625 0.9375
vt 0.40625 0.90625
vt 0.21875 0.90625
vn 8.659560562354937e-17 -0.25881904510252074 0.9659258262890684
vn -1 1.2246467991473532e-16 1.2246467991473532e-16
vn -8.659560562354937e-17 0.25881904510252074 -0.9659258262890684
vn 1 -1.2246467991473532e-16 -1.2246467991473532e-16
vn 1.499879886521847e-16 0.9659258262890683 0.2588190451025208
vn -1.499879886521847e-16 -0.9659258262890683 -0.2588190451025208
usemtl m_c5083df8-7aa4-9201-9209-38235e80c717
f 12/28/7 15/27/7 13/26/7 10/25/7
f 11/32/8 12/31/8 10/30/8 9/29/8
f 16/36/9 11/35/9 9/34/9 14/33/9
f 15/40/10 16/39/10 14/38/10 13/37/10
f 14/44/11 9/43/11 10/42/11 13/41/11
f 15/48/12 12/47/12 11/46/12 16/45/12
o Block
v -0.031249999999999733 1.190821635261339 0.452325944681676
v -0.031249999999999726 1.1735943005227767 0.5124048006778209
v -0.03124999999999994 -0.13091319665384926 0.0733245804333022
v -0.031249999999999934 -0.14814053139241168 0.13340343642944713
v 0.03125000000000026 1.1735943005227767 0.5124048006778209
v 0.03125000000000026 1.190821635261339 0.452325944681676
v 0.03125000000000005 -0.14814053139241168 0.13340343642944713
v 0.03125000000000005 -0.13091319665384926 0.0733245804333022
vt 0 0.96875
vt 0.03125 0.96875
vt 0.03125 0.28125
vt 0 0.28125
vt 0 0.96875
vt 0.03125 0.96875
vt 0.03125 0.28125
vt 0 0.28125
vt 0 0.96875
vt 0.03125 0.96875
vt 0.03125 0.28125
vt 0 0.28125
vt 0 0.96875
vt 0.03125 0.96875
vt 0.03125 0.28125
vt 0 0.28125
vt 0 0.96875
vt 0.03125 0.96875
vt 0.03125 0.9375
vt 0 0.9375
vt 0 0.96875
vt 0.03125 0.96875
vt 0.03125 0.9375
vt 0 0.9375
vn 8.396476535470907e-17 -0.27563735581699916 0.961261695938319
vn -1 1.2246467991473535e-16 1.2246467991473535e-16
vn -8.396476535470907e-17 0.27563735581699916 -0.961261695938319
vn 1 -1.2246467991473535e-16 -1.2246467991473535e-16
vn 1.514764464600547e-16 0.9612616959383189 0.2756373558169993
vn -1.514764464600547e-16 -0.9612616959383189 -0.2756373558169993
usemtl m_c5083df8-7aa4-9201-9209-38235e80c717
f 20/52/13 23/51/13 21/50/13 18/49/13
f 19/56/14 20/55/14 18/54/14 17/53/14
f 24/60/15 19/59/15 17/58/15 22/57/15
f 23/64/16 24/63/16 22/62/16 21/61/16
f 22/68/17 17/67/17 18/66/17 21/65/17
f 23/72/18 20/71/18 19/70/18 24/69/18