# Made in Blockbench 4.12.3
mtllib materials.mtl

o Base
v 0.027681853086466562 0.5 0.0023132858921135827
v 0.027681853086466562 0.5 0.0023132858921135827
v 0.027681853086466562 -0.5 0.0023132858921135827
v 0.027681853086466562 -0.5 0.0023132858921135827
v -0.030060617695488855 0.5 -0.021604428630704525
v -0.030060617695488855 0.5 -0.021604428630704525
v -0.030060617695488855 -0.5 -0.021604428630704525
v -0.030060617695488855 -0.5 -0.021604428630704525
vt 0.234375 0.984375
vt 0.25 0.984375
vt 0.25 0.734375
vt 0.234375 0.734375
vt 0.21875 0.984375
vt 0.234375 0.984375
vt 0.234375 0.734375
vt 0.21875 0.734375
vt 0.25 0.984375
vt 0.265625 0.984375
vt 0.265625 0.734375
vt 0.25 0.734375
vt 0.25 0.984375
vt 0.234375 0.984375
vt 0.234375 1
vt 0.25 1
vt 0.265625 1
vt 0.25 1
vt 0.25 0.984375
vt 0.265625 0.984375
vn 0.3826834323650897 0 -0.9238795325112867
vn 0.9238795325112867 0 0.3826834323650897
vn -0.9238795325112867 0 -0.3826834323650897
vn 0 1 0
vn 0 -1 0
usemtl none
f 4/4/1 7/3/1 5/2/1 2/1/1
f 3/8/2 4/7/2 2/6/2 1/5/2
f 7/12/3 8/11/3 6/10/3 5/9/3
f 6/16/4 1/15/4 2/14/4 5/13/4
f 7/20/5 4/19/5 3/18/5 8/17/5
o hastecentral
v 0.5051486235170524 0.5 0.16247048079156715
v 0.4812309089942343 0.5 0.22021295157352258
v 0.5051486235170524 0.5 0.16247048079156715
v 0.4812309089942343 0.5 0.22021295157352258
v -0.4426486235170524 0.5 -0.16247048079156715
v -0.4187309089942343 0.5 -0.22021295157352258
v -0.4426486235170524 0.5 -0.16247048079156715
v -0.4187309089942343 0.5 -0.22021295157352258
vt 0.40625 0.59375
vt 0.65625 0.59375
vt 0.65625 0.578125
vt 0.40625 0.578125
vt 0.390625 0.59375
vt 0.40625 0.59375
vt 0.40625 0.578125
vt 0.390625 0.578125
vt 0.671875 0.59375
vt 0.921875 0.59375
vt 0.921875 0.578125
vt 0.671875 0.578125
vt 0.65625 0.59375
vt 0.671875 0.59375
vt 0.671875 0.578125
vt 0.65625 0.578125
vt 0.90625 0.609375
vt 0.65625 0.609375
vt 0.65625 0.59375
vt 0.90625 0.59375
vn -0.3826834323650897 -1.224646799147353e-16 0.9238795325112867
vn 0.9238795325112867 6.162975822039155e-33 0.3826834323650897
vn 0.3826834323650897 1.224646799147353e-16 -0.9238795325112867
vn -0.9238795325112867 -6.162975822039155e-33 -0.3826834323650897
vn -4.6865204053262974e-17 1 1.1314261122877003e-16
usemtl none
f 12/24/6 15/23/6 13/22/6 10/21/6
f 11/28/7 12/27/7 10/26/7 9/25/7
f 16/32/8 11/31/8 9/30/8 14/29/8
f 15/36/9 16/35/9 14/34/9 13/33/9
f 15/40/10 12/39/10 11/38/10 16/37/10
o hastecentral
v -0.045949200111725264 0.515625 0.6831496013847321
v 0.4802405193902731 0.515625 -0.5871847558182871
v -0.045949200111725264 0.515625 0.6831496013847321
v 0.4802405193902731 0.515625 -0.5871847558182871
v 0.3070131070444068 0.515625 -0.6589378993867414
v -0.2191766124575915 0.515625 0.6113964578162778
v 0.3070131070444068 0.515625 -0.6589378993867414
v -0.2191766124575915 0.515625 0.6113964578162778
vt 0.34375 0.65625
vt 0.390625 0.65625
vt 0.390625 0.65625
vt 0.34375 0.65625
vt 0 0.65625
vt 0.34375 0.65625
vt 0.34375 0.65625
vt 0 0.65625
vt 0.734375 0.65625
vt 0.78125 0.65625
vt 0.78125 0.65625
vt 0.734375 0.65625
vt 0.390625 0.65625
vt 0.734375 0.65625
vt 0.734375 0.65625
vt 0.390625 0.65625
vt 0.390625 0.65625
vt 0.34375 0.65625
vt 0.34375 1
vt 0.390625 1
vn 0.3826834323650897 0 -0.9238795325112867
vn 0.9238795325112867 0 0.3826834323650897
vn -0.3826834323650897 0 0.9238795325112867
vn -0.9238795325112867 0 -0.3826834323650897
vn 0 1 0
usemtl none
f 20/44/11 23/43/11 21/42/11 18/41/11
f 19/48/12 20/47/12 18/46/12 17/45/12
f 24/52/13 19/51/13 17/50/13 22/49/13
f 23/56/14 24/55/14 22/54/14 21/53/14
f 22/60/15 17/59/15 18/58/15 21/57/15
o hastecentral
v 0.06486616526647726 0.515625 -0.40006973203934576
v -0.1982286944845219 0.515625 0.23509744656216386
v 0.06486616526647726 0.515625 -0.40006973203934576
v -0.1982286944845219 0.515625 0.23509744656216386
v -0.25597116526647734 0.515625 0.21117973203934576
v 0.007123694484521853 0.515625 -0.42398744656216386
v -0.25597116526647734 0.515625 0.21117973203934576
v 0.007123694484521853 0.515625 -0.42398744656216386
vt 0.171875 0.46875
vt 0.1875 0.46875
vt 0.1875 0.453125
vt 0.171875 0.453125
vt 0 0.46875
vt 0.171875 0.46875
vt 0.171875 0.453125
vt 0 0.453125
vt 0.359375 0.46875
vt 0.375 0.46875
vt 0.375 0.453125
vt 0.359375 0.453125
vt 0.1875 0.46875
vt 0.359375 0.46875
vt 0.359375 0.453125
vt 0.1875 0.453125
vt 0.1875 0.640625
vt 0.171875 0.640625
vt 0.171875 0.46875
vt 0.1875 0.46875
vn -0.3826834323650897 -1.224646799147353e-16 0.9238795325112867
vn 0.9238795325112867 6.162975822039155e-33 0.3826834323650897
vn 0.3826834323650897 1.224646799147353e-16 -0.9238795325112867
vn -0.9238795325112867 -6.162975822039155e-33 -0.3826834323650897
vn -4.6865204053262974e-17 1 1.1314261122877003e-16
usemtl none
f 28/64/16 31/63/16 29/62/16 26/61/16
f 27/68/17 28/67/17 26/66/17 25/65/17
f 32/72/18 27/71/18 25/70/18 30/69/18
f 31/76/19 32/75/19 30/74/19 29/73/19
f 31/80/20 28/79/20 27/78/20 32/77/20
o hastecentral
v -0.21825749604056793 0.515625 -0.30128418008445723
v -0.3617637831774766 0.515625 0.04517064460727532
v -0.21825749604056793 0.515625 -0.30128418008445723
v -0.3617637831774766 0.515625 0.04517064460727532
v -0.419506253959432 0.515625 0.021252930084457222
v -0.27599996682252337 0.515625 -0.32520189460727533
v -0.419506253959432 0.515625 0.021252930084457222
v -0.27599996682252337 0.515625 -0.32520189460727533
vt 0.09375 0.90625
vt 0.109375 0.90625
vt 0.109375 0.890625
vt 0.09375 0.890625
vt 0 0.90625
vt 0.09375 0.90625
vt 0.09375 0.890625
vt 0 0.890625
vt 0.203125 0.90625
vt 0.21875 0.90625
vt 0.21875 0.890625
vt 0.203125 0.890625
vt 0.109375 0.90625
vt 0.203125 0.90625
vt 0.203125 0.890625
vt 0.109375 0.890625
vt 0.109375 1
vt 0.09375 1
vt 0.09375 0.90625
vt 0.109375 0.90625
vn -0.3826834323650897 -1.224646799147353e-16 0.9238795325112867
vn 0.9238795325112867 6.162975822039155e-33 0.3826834323650897
vn 0.3826834323650897 1.224646799147353e-16 -0.9238795325112867
vn -0.9238795325112867 -6.162975822039155e-33 -0.3826834323650897
vn -4.6865204053262974e-17 1 1.1314261122877003e-16
usemtl none
f 36/84/21 39/83/21 37/82/21 34/81/21
f 35/88/22 36/87/22 34/86/22 33/85/22
f 40/92/23 35/91/23 33/90/23 38/89/23
f 39/96/24 40/95/24 38/94/24 37/93/24
f 39/100/25 36/99/25 35/98/25 40/97/25
o hastecentral
v 0.1515623314012564 0.515625 0.6321774642861574
v 0.5820811928119823 0.515625 -0.4071870097890402
v 0.1515623314012564 0.515625 0.6321774642861574
v 0.5820811928119823 0.515625 -0.4071870097890402
v 0.524338722030027 0.515625 -0.4311047243118583
v 0.09381986061930098 0.515625 0.6082597497633393
v 0.524338722030027 0.515625 -0.4311047243118583
v 0.09381986061930098 0.515625 0.6082597497633393
vt 0.28125 0.65625
vt 0.296875 0.65625
vt 0.296875 0.640625
vt 0.28125 0.640625
vt 0 0.65625
vt 0.28125 0.65625
vt 0.28125 0.640625
vt 0 0.640625
vt 0.578125 0.65625
vt 0.59375 0.65625
vt 0.59375 0.640625
vt 0.578125 0.640625
vt 0.296875 0.65625
vt 0.578125 0.65625
vt 0.578125 0.640625
vt 0.296875 0.640625
vt 0.296875 0.65625
vt 0.28125 0.65625
vt 0.28125 0.9375
vt 0.296875 0.9375
vt 0.3125 0.9375
vt 0.296875 0.9375
vt 0.296875 0.65625
vt 0.3125 0.65625
vn 0.3826834323650897 0 -0.9238795325112867
vn 0.9238795325112867 0 0.3826834323650897
vn -0.3826834323650897 0 0.9238795325112867
vn -0.9238795325112867 0 -0.3826834323650897
vn 0 1 0
vn 0 -1 0
usemtl none
f 44/104/26 47/103/26 45/102/26 42/101/26
f 43/108/27 44/107/27 42/106/27 41/105/27
f 48/112/28 43/111/28 41/110/28 46/109/28
f 47/116/29 48/115/29 46/114/29 45/113/29
f 46/120/30 41/119/30 42/118/30 45/117/30
f 47/124/31 44/123/31 43/122/31 48/121/31