# Made in Blockbench 4.12.4
mtllib cadeira_praia.mtl

o assento1
v -0.37499999999999983 0.031249991152434563 -0.4218749990686774
v -0.37500000000000006 0.09374999115243454 -0.42187500093132246
v -0.37499999999999994 0.03125000977888495 0.2031250009313223
v -0.37500000000000017 0.09375000977888492 0.20312499906867726
v 0.37499999999999994 0.09374999115243762 -0.42187500093132235
v 0.37500000000000017 0.031249991152437658 -0.4218749990686773
v 0.37499999999999983 0.093750009778888 0.20312499906867737
v 0.37500000000000006 0.03125000977888803 0.2031250009313224
vt 0.421875 0.765625
vt 0.609375 0.765625
vt 0.609375 0.609375
vt 0.421875 0.609375
vt 0.40625 0.765625
vt 0.421875 0.765625
vt 0.421875 0.609375
vt 0.40625 0.609375
vt 0.625 0.765625
vt 0.8125 0.765625
vt 0.8125 0.609375
vt 0.625 0.609375
vt 0.609375 0.765625
vt 0.625 0.765625
vt 0.625 0.609375
vt 0.609375 0.609375
vt 0.609375 0.765625
vt 0.421875 0.765625
vt 0.421875 0.78125
vt 0.609375 0.78125
vt 0.796875 0.78125
vt 0.609375 0.78125
vt 0.609375 0.765625
vt 0.796875 0.765625
vn -4.119267564915569e-15 0.9999999999999996 -2.9802320611338473e-8
vn -1 -4.1192675685652995e-15 -1.2246456266188968e-16
vn 4.119267564915569e-15 -0.9999999999999996 2.9802320611338473e-8
vn 1 4.1192675685652995e-15 1.2246456266188968e-16
vn 1.2246468542562235e-16 -2.9802320611338473e-8 -0.9999999999999996
vn -1.2246468542562235e-16 2.9802320611338473e-8 0.9999999999999996
usemtl m_1abd6560-de73-dbb8-542d-b7a7c414c884
f 4/4/1 7/3/1 5/2/1 2/1/1
f 3/8/2 4/7/2 2/6/2 1/5/2
f 8/12/3 3/11/3 1/10/3 6/9/3
f 7/16/4 8/15/4 6/14/4 5/13/4
f 6/20/5 1/19/5 2/18/5 5/17/5
f 7/24/6 4/23/6 3/22/6 8/21/6
o assento2
v -0.3750000000000038 0.9575556406301702 0.4105481248201664
v -0.37500000000000366 0.9413794457407059 0.47091848773855594
v -0.3750000000000002 0.11237055977271632 0.18408139636766468
v -0.3750000000000001 0.09619436488325189 0.24445175928605423
v 0.37499999999999634 0.941379445740709 0.47091848773855605
v 0.3749999999999962 0.9575556406301733 0.4105481248201665
v 0.3749999999999999 0.096194364883255 0.24445175928605434
v 0.3749999999999998 0.11237055977271942 0.18408139636766477
vt 0.015625 0.984375
vt 0.203125 0.984375
vt 0.203125 0.765625
vt 0.015625 0.765625
vt 0 0.984375
vt 0.015625 0.984375
vt 0.015625 0.765625
vt 0 0.765625
vt 0.21875 0.984375
vt 0.40625 0.984375
vt 0.40625 0.765625
vt 0.21875 0.765625
vt 0.203125 0.984375
vt 0.21875 0.984375
vt 0.21875 0.765625
vt 0.203125 0.765625
vt 0.203125 0.984375
vt 0.015625 0.984375
vt 0.015625 1
vt 0.203125 1
vt 0.390625 1
vt 0.203125 1
vt 0.203125 0.984375
vt 0.390625 0.984375
vn 9.478535183747574e-16 -0.25881911823143056 0.965925806694233
vn -1 -4.119267568565299e-15 -1.2246456266188963e-16
vn -9.478535183747574e-16 0.25881911823143056 -0.965925806694233
vn 1 4.119267568565299e-15 1.2246456266188963e-16
vn -4.010603019278576e-15 0.965925806694233 0.25881911823143056
vn 4.010603019278576e-15 -0.965925806694233 -0.25881911823143056
usemtl m_1abd6560-de73-dbb8-542d-b7a7c414c884
f 12/28/7 15/27/7 13/26/7 10/25/7
f 11/32/8 12/31/8 10/30/8 9/29/8
f 16/36/9 11/35/9 9/34/9 14/33/9
f 15/40/10 16/39/10 14/38/10 13/37/10
f 14/44/11 9/43/11 10/42/11 13/41/11
f 15/48/12 12/47/12 11/46/12 16/45/12
o peTr
v 0.37875000648006996 0.3091156295632018 -0.25996879693708935
v 0.3787500011355459 0.32211010945062757 -0.32110302215059194
v 0.37874999171189605 -0.48562929821233525 -0.42889703547362285
v 0.378749986367372 -0.4726348183249095 -0.49003126068712544
v -0.3787499917118937 0.3221101094506251 -0.32110295592783594
v -0.3787499863673697 0.3091156295631994 -0.25996873071433335
v -0.3787500064800676 -0.47263481832491194 -0.49003119446436944
v -0.3787500011355436 -0.4856292982123377 -0.42889696925086684
vt 0.015625 0.75
vt 0.203125 0.75
vt 0.203125 0.546875
vt 0.015625 0.546875
vt 0 0.75
vt 0.015625 0.75
vt 0.015625 0.546875
vt 0 0.546875
vt 0.21875 0.75
vt 0.40625 0.75
vt 0.40625 0.546875
vt 0.21875 0.546875
vt 0.203125 0.75
vt 0.21875 0.75
vt 0.21875 0.546875
vt 0.203125 0.546875
vt 0.203125 0.75
vt 0.015625 0.75
vt 0.015625 0.765625
vt 0.203125 0.765625
vt 0.390625 0.765625
vt 0.203125 0.765625
vt 0.203125 0.75
vt 0.390625 0.75
vn -8.55123843918828e-8 0.20791167819881123 -0.978147603416042
vn 0.9999999999999962 3.1682346640763667e-15 -8.742278101436798e-8
vn 8.55123843918828e-8 -0.20791167819881123 0.978147603416042
vn -0.9999999999999962 -3.1682346640763667e-15 8.742278101436798e-8
vn 1.8176214014503284e-8 0.9781476034160457 0.20791167819881065
vn -1.8176214014503284e-8 -0.9781476034160457 -0.20791167819881065
usemtl m_1abd6560-de73-dbb8-542d-b7a7c414c884
f 20/52/13 23/51/13 21/50/13 18/49/13
f 19/56/14 20/55/14 18/54/14 17/53/14
f 24/60/15 19/59/15 17/58/15 22/57/15
f 23/64/16 24/63/16 22/62/16 21/61/16
f 22/68/17 17/67/17 18/66/17 21/65/17
f 23/72/18 20/71/18 19/70/18 24/69/18
o peFr
v -0.3787499964237223 0.2941339676116524 0.15437911766005644
v -0.3787499964237224 0.31031015886791824 0.21474948155195878
v -0.3787499964237191 -0.4906807629830782 0.36466960399151266
v -0.3787499964237192 -0.4745045717268124 0.425039967883415
v 0.3787499964237202 0.31031015886792135 0.2147494815519589
v 0.3787499964237203 0.2941339676116555 0.15437911766005652
v 0.3787499964237234 -0.47450457172680927 0.4250399678834151
v 0.37874999642372353 -0.4906807629830751 0.3646696039915127
vt 0.421875 0.984375
vt 0.609375 0.984375
vt 0.609375 0.78125
vt 0.421875 0.78125
vt 0.40625 0.984375
vt 0.421875 0.984375
vt 0.421875 0.78125
vt 0.40625 0.78125
vt 0.625 0.984375
vt 0.8125 0.984375
vt 0.8125 0.78125
vt 0.625 0.78125
vt 0.609375 0.984375
vt 0.625 0.984375
vt 0.625 0.78125
vt 0.609375 0.78125
vt 0.609375 0.984375
vt 0.421875 0.984375
vt 0.421875 1
vt 0.609375 1
vt 0.796875 1
vt 0.609375 1
vt 0.609375 0.984375
vt 0.796875 0.984375
vn -1.1844366437857036e-15 0.2588190601002538 0.9659258222704377
vn -1 -4.1192675685652995e-15 -1.2246456266188943e-16
vn 1.1844366437857036e-15 -0.2588190601002538 -0.9659258222704377
vn 1 4.1192675685652995e-15 1.2246456266188943e-16
vn -3.947210750314644e-15 0.9659258222704377 -0.2588190601002538
vn 3.947210750314644e-15 -0.9659258222704377 0.2588190601002538
usemtl m_1abd6560-de73-dbb8-542d-b7a7c414c884
f 28/76/19 31/75/19 29/74/19 26/73/19
f 27/80/20 28/79/20 26/78/20 25/77/20
f 32/84/21 27/83/21 25/82/21 30/81/21
f 31/88/22 32/87/22 30/86/22 29/85/22
f 30/92/23 25/91/23 26/90/23 29/89/23
f 31/96/24 28/95/24 27/94/24 32/93/24
o encostoL
v 0.31249999999999883 0.3437499292517318 -0.26562502435270363
v 0.3124999999999988 0.3437499572652345 0.17187497564729548
v 0.3124999999999991 0.281249929251732 -0.2656250203507746
v 0.31249999999999906 0.28124995726523466 0.17187497964922444
v 0.4374999999999988 0.34374995726523505 0.17187497564729548
v 0.43749999999999883 0.34374992925173237 -0.26562502435270363
v 0.43749999999999906 0.28124995726523516 0.17187497964922444
v 0.4374999999999991 0.2812499292517325 -0.2656250203507746
vt 0.109375 0.4375
vt 0.140625 0.4375
vt 0.140625 0.421875
vt 0.109375 0.421875
vt 0 0.4375
vt 0.109375 0.4375
vt 0.109375 0.421875
vt 0 0.421875
vt 0.25 0.4375
vt 0.28125 0.4375
vt 0.28125 0.421875
vt 0.25 0.421875
vt 0.140625 0.4375
vt 0.25 0.4375
vt 0.25 0.421875
vt 0.140625 0.421875
vt 0.140625 0.4375
vt 0.109375 0.4375
vt 0.109375 0.546875
vt 0.140625 0.546875
vt 0.171875 0.546875
vt 0.140625 0.546875
vt 0.140625 0.4375
vt 0.171875 0.4375
vn -1.224648264221479e-16 6.403086327821937e-8 0.9999999999999981
vn -1 -4.1192675685652995e-15 -1.224645626618897e-16
vn 1.224648264221479e-16 -6.403086327821937e-8 -0.9999999999999981
vn 1 4.1192675685652995e-15 1.224645626618897e-16
vn -4.119267560723779e-15 0.9999999999999981 -6.403086327821937e-8
vn 4.119267560723779e-15 -0.9999999999999981 6.403086327821937e-8
usemtl m_1abd6560-de73-dbb8-542d-b7a7c414c884
f 36/100/25 39/99/25 37/98/25 34/97/25
f 35/104/26 36/103/26 34/102/26 33/101/26
f 40/108/27 35/107/27 33/106/27 38/105/27
f 39/112/28 40/111/28 38/110/28 37/109/28
f 38/116/29 33/115/29 34/114/29 37/113/29
f 39/120/30 36/119/30 35/118/30 40/117/30
o encostoR
v -0.43750000000000117 0.3437499292517287 -0.26562502435270374
v -0.4375000000000012 0.3437499572652314 0.17187497564729537
v -0.4375000000000009 0.28124992925172887 -0.26562502035077473
v -0.43750000000000094 0.28124995726523155 0.17187497964922432
v -0.3125000000000012 0.34374995726523194 0.17187497564729537
v -0.31250000000000117 0.34374992925172926 -0.26562502435270374
v -0.31250000000000094 0.28124995726523205 0.17187497964922432
v -0.3125000000000009 0.28124992925172937 -0.26562502035077473
vt 0.40625 0.5
vt 0.4375 0.5
vt 0.4375 0.484375
vt 0.40625 0.484375
vt 0.296875 0.5
vt 0.40625 0.5
vt 0.40625 0.484375
vt 0.296875 0.484375
vt 0.546875 0.5
vt 0.578125 0.5
vt 0.578125 0.484375
vt 0.546875 0.484375
vt 0.4375 0.5
vt 0.546875 0.5
vt 0.546875 0.484375
vt 0.4375 0.484375
vt 0.4375 0.5
vt 0.40625 0.5
vt 0.40625 0.609375
vt 0.4375 0.609375
vt 0.46875 0.609375
vt 0.4375 0.609375
vt 0.4375 0.5
vt 0.46875 0.5
vn -1.224648264221479e-16 6.403086327821937e-8 0.9999999999999981
vn -1 -4.1192675685652995e-15 -1.224645626618897e-16
vn 1.224648264221479e-16 -6.403086327821937e-8 -0.9999999999999981
vn 1 4.1192675685652995e-15 1.224645626618897e-16
vn -4.119267560723779e-15 0.9999999999999981 -6.403086327821937e-8
vn 4.119267560723779e-15 -0.9999999999999981 6.403086327821937e-8
usemtl m_1abd6560-de73-dbb8-542d-b7a7c414c884
f 44/124/31 47/123/31 45/122/31 42/121/31
f 43/128/32 44/127/32 42/126/32 41/125/32
f 48/132/33 43/131/33 41/130/33 46/129/33
f 47/136/34 48/135/34 46/134/34 45/133/34
f 46/140/35 41/139/35 42/138/35 45/137/35
f 47/144/36 44/143/36 43/142/36 48/141/36