# Made in Blockbench 4.12.4
mtllib castelinho.mtl

o torre1
v 0.20636575332898988 -0.3125 0.15905326501740114
v 0.06285946619208124 -0.3125 -0.18740155967433136
v 0.20636575332898988 -0.5 0.15905326501740114
v 0.06285946619208124 -0.5 -0.18740155967433136
v -0.16811041693574041 -0.3125 -0.09173070158305895
v -0.02460412979883178 -0.3125 0.2547241231086736
v -0.16811041693574041 -0.5 -0.09173070158305895
v -0.02460412979883178 -0.5 0.2547241231086736
vt 0 1
vt 0.5 1
vt 0.5 0.625
vt 0 0.625
vt 0 1
vt 0.75 1
vt 0.75 0.625
vt 0 0.625
vt 0 1
vt 0.4375 1
vt 0.4375 0.625
vt 0 0.625
vt 0 1
vt 0.75 1
vt 0.75 0.625
vt 0 0.625
vt 0.4375 0.25
vt 0 0.25
vt 0 1
vt 0.4375 1
vt 0.4375 1
vt 0 1
vt 0 0.25
vt 0.4375 0.25
vn -0.3826834323650897 0 -0.9238795325112867
vn 0.9238795325112867 0 -0.3826834323650897
vn 0.3826834323650897 0 0.9238795325112867
vn -0.9238795325112867 0 0.3826834323650897
vn 0 1 0
vn 0 -1 0
usemtl m_dd172267-ff04-1e08-210f-2b6d56d750ec
f 4/4/1 7/3/1 5/2/1 2/1/1
f 3/8/2 4/7/2 2/6/2 1/5/2
f 8/12/3 3/11/3 1/10/3 6/9/3
f 7/16/4 8/15/4 6/14/4 5/13/4
f 6/20/5 1/19/5 2/18/5 5/17/5
f 7/24/6 4/23/6 3/22/6 8/21/6
o torre1
v 0.3078400221064019 -0.25 -0.08592729089691944
v 0.23608687853794752 -0.25 -0.25915470324278567
v 0.3078400221064019 -0.5 -0.08592729089691944
v 0.23608687853794752 -0.5 -0.25915470324278567
v 0.06285946619208124 -0.25 -0.18740155967433136
v 0.13461260976053557 -0.25 -0.014174147328465128
v 0.06285946619208124 -0.5 -0.18740155967433136
v 0.13461260976053557 -0.5 -0.014174147328465128
vt 0 1
vt 0.375 1
vt 0.375 0.5
vt 0 0.5
vt 0 1
vt 0.375 1
vt 0.375 0.5
vt 0 0.5
vt 0 1
vt 0.4375 1
vt 0.4375 0.5
vt 0 0.5
vt 0 1
vt 0.375 1
vt 0.375 0.5
vt 0 0.5
vt 0.4375 0.625
vt 0 0.625
vt 0 1
vt 0.4375 1
vt 0.4375 1
vt 0 1
vt 0 0.625
vt 0.4375 0.625
vn -0.3826834323650897 0 -0.9238795325112867
vn 0.9238795325112867 0 -0.3826834323650897
vn 0.3826834323650897 0 0.9238795325112867
vn -0.9238795325112867 0 0.3826834323650897
vn 0 1 0
vn 0 -1 0
usemtl m_dd172267-ff04-1e08-210f-2b6d56d750ec
f 12/28/7 15/27/7 13/26/7 10/25/7
f 11/32/8 12/31/8 10/30/8 9/29/8
f 16/36/9 11/35/9 9/34/9 14/33/9
f 15/40/10 16/39/10 14/38/10 13/37/10
f 14/44/11 9/43/11 10/42/11 13/41/11
f 15/48/12 12/47/12 11/46/12 16/45/12
o torre1
v 0.14451965149685478 -0.1875 -0.15357680341519409
v 0.12060193697403666 -0.1875 -0.21131927419714946
v 0.14451965149685478 -0.25 -0.15357680341519409
v 0.12060193697403666 -0.25 -0.21131927419714946
v 0.06285946619208124 -0.1875 -0.18740155967433136
v 0.08677718071489934 -0.1875 -0.12965908889237598
v 0.06285946619208124 -0.25 -0.18740155967433136
v 0.08677718071489934 -0.25 -0.12965908889237598
vt 0 1
vt 0.125 1
vt 0.125 0.875
vt 0 0.875
vt 0 1
vt 0.125 1
vt 0.125 0.875
vt 0 0.875
vt 0 1
vt 0.125 1
vt 0.125 0.875
vt 0 0.875
vt 0 1
vt 0.125 1
vt 0.125 0.875
vt 0 0.875
vt 0.125 0.875
vt 0 0.875
vt 0 1
vt 0.125 1
vt 0.125 1
vt 0 1
vt 0 0.875
vt 0.125 0.875
vn -0.3826834323650897 0 -0.9238795325112867
vn 0.9238795325112867 0 -0.3826834323650897
vn 0.3826834323650897 0 0.9238795325112867
vn -0.9238795325112867 0 0.3826834323650897
vn 0 1 0
vn 0 -1 0
usemtl m_dd172267-ff04-1e08-210f-2b6d56d750ec
f 20/52/13 23/51/13 21/50/13 18/49/13
f 19/56/14 20/55/14 18/54/14 17/53/14
f 24/60/15 19/59/15 17/58/15 22/57/15
f 23/64/16 24/63/16 22/62/16 21/61/16
f 22/68/17 17/67/17 18/66/17 21/65/17
f 23/72/18 20/71/18 19/70/18 24/69/18
o torre1
v 0.2600045930607656 -0.1875 -0.2014122324608303
v 0.23608687853794752 -0.1875 -0.25915470324278567
v 0.2600045930607656 -0.25 -0.2014122324608303
v 0.23608687853794752 -0.25 -0.25915470324278567
v 0.17834440775599208 -0.1875 -0.2352369887199676
v 0.2022621222788102 -0.1875 -0.1774945179380122
v 0.17834440775599208 -0.25 -0.2352369887199676
v 0.2022621222788102 -0.25 -0.1774945179380122
vt 0 1
vt 0.125 1
vt 0.125 0.875
vt 0 0.875
vt 0 1
vt 0.125 1
vt 0.125 0.875
vt 0 0.875
vt 0 1
vt 0.125 1
vt 0.125 0.875
vt 0 0.875
vt 0 1
vt 0.125 1
vt 0.125 0.875
vt 0 0.875
vt 0.125 0.875
vt 0 0.875
vt 0 1
vt 0.125 1
vt 0.125 1
vt 0 1
vt 0 0.875
vt 0.125 0.875
vn -0.3826834323650897 0 -0.9238795325112867
vn 0.9238795325112867 0 -0.3826834323650897
vn 0.3826834323650897 0 0.9238795325112867
vn -0.9238795325112867 0 0.3826834323650897
vn 0 1 0
vn 0 -1 0
usemtl m_dd172267-ff04-1e08-210f-2b6d56d750ec
f 28/76/19 31/75/19 29/74/19 26/73/19
f 27/80/20 28/79/20 26/78/20 25/77/20
f 32/84/21 27/83/21 25/82/21 30/81/21
f 31/88/22 32/87/22 30/86/22 29/85/22
f 30/92/23 25/91/23 26/90/23 29/89/23
f 31/96/24 28/95/24 27/94/24 32/93/24
o torre1
v 0.19235508054249098 -0.1875 -0.03809186185128323
v 0.16843736601967288 -0.1875 -0.09583433263323865
v 0.19235508054249098 -0.25 -0.03809186185128323
v 0.16843736601967288 -0.25 -0.09583433263323865
v 0.11069489523771746 -0.1875 -0.07191661811042055
v 0.13461260976053557 -0.1875 -0.014174147328465128
v 0.11069489523771746 -0.25 -0.07191661811042055
v 0.13461260976053557 -0.25 -0.014174147328465128
vt 0 1
vt 0.125 1
vt 0.125 0.875
vt 0 0.875
vt 0 1
vt 0.125 1
vt 0.125 0.875
vt 0 0.875
vt 0 1
vt 0.125 1
vt 0.125 0.875
vt 0 0.875
vt 0 1
vt 0.125 1
vt 0.125 0.875
vt 0 0.875
vt 0.125 0.875
vt 0 0.875
vt 0 1
vt 0.125 1
vt 0.125 1
vt 0 1
vt 0 0.875
vt 0.125 0.875
vn -0.3826834323650897 0 -0.9238795325112867
vn 0.9238795325112867 0 -0.3826834323650897
vn 0.3826834323650897 0 0.9238795325112867
vn -0.9238795325112867 0 0.3826834323650897
vn 0 1 0
vn 0 -1 0
usemtl m_dd172267-ff04-1e08-210f-2b6d56d750ec
f 36/100/25 39/99/25 37/98/25 34/97/25
f 35/104/26 36/103/26 34/102/26 33/101/26
f 40/108/27 35/107/27 33/106/27 38/105/27
f 39/112/28 40/111/28 38/110/28 37/109/28
f 38/116/29 33/115/29 34/114/29 37/113/29
f 39/120/30 36/119/30 35/118/30 40/117/30
o torre1
v 0.3078400221064019 -0.1875 -0.08592729089691944
v 0.2839223075835837 -0.1875 -0.14366976167887485
v 0.3078400221064019 -0.25 -0.08592729089691944
v 0.2839223075835837 -0.25 -0.14366976167887485
v 0.22617983680162831 -0.1875 -0.11975204715605677
v 0.25009755132444644 -0.1875 -0.062009576374101344
v 0.22617983680162831 -0.25 -0.11975204715605677
v 0.25009755132444644 -0.25 -0.062009576374101344
vt 0 1
vt 0.125 1
vt 0.125 0.875
vt 0 0.875
vt 0 1
vt 0.125 1
vt 0.125 0.875
vt 0 0.875
vt 0 1
vt 0.125 1
vt 0.125 0.875
vt 0 0.875
vt 0 1
vt 0.125 1
vt 0.125 0.875
vt 0 0.875
vt 0.125 0.875
vt 0 0.875
vt 0 1
vt 0.125 1
vt 0.125 1
vt 0 1
vt 0 0.875
vt 0.125 0.875
vn -0.3826834323650897 0 -0.9238795325112867
vn 0.9238795325112867 0 -0.3826834323650897
vn 0.3826834323650897 0 0.9238795325112867
vn -0.9238795325112867 0 0.3826834323650897
vn 0 1 0
vn 0 -1 0
usemtl m_dd172267-ff04-1e08-210f-2b6d56d750ec
f 44/124/31 47/123/31 45/122/31 42/121/31
f 43/128/32 44/127/32 42/126/32 41/125/32
f 48/132/33 43/131/33 41/130/33 46/129/33
f 47/136/34 48/135/34 46/134/34 45/133/34
f 46/140/35 41/139/35 42/138/35 45/137/35
f 47/144/36 44/143/36 43/142/36 48/141/36
o torre2
v -0.09635727336728611 -0.25 0.0814967107628073
v -0.16811041693574041 -0.25 -0.09173070158305895
v -0.09635727336728611 -0.5 0.0814967107628073
v -0.16811041693574041 -0.5 -0.09173070158305895
v -0.3413378292816067 -0.25 -0.01997755801460463
v -0.26958468571315236 -0.25 0.15324985433126162
v -0.3413378292816067 -0.5 -0.01997755801460463
v -0.26958468571315236 -0.5 0.15324985433126162
vt 0 1
vt 0.375 1
vt 0.375 0.5
vt 0 0.5
vt 0 1
vt 0.375 1
vt 0.375 0.5
vt 0 0.5
vt 0 1
vt 0.375 1
vt 0.375 0.5
vt 0 0.5
vt 0 1
vt 0.375 1
vt 0.375 0.5
vt 0 0.5
vt 0.375 0.625
vt 0 0.625
vt 0 1
vt 0.375 1
vt 0.375 1
vt 0 1
vt 0 0.625
vt 0.375 0.625
vn -0.3826834323650897 0 -0.9238795325112867
vn 0.9238795325112867 0 -0.3826834323650897
vn 0.3826834323650897 0 0.9238795325112867
vn -0.9238795325112867 0 0.3826834323650897
vn 0 1 0
vn 0 -1 0
usemtl m_dd172267-ff04-1e08-210f-2b6d56d750ec
f 52/148/37 55/147/37 53/146/37 50/145/37
f 51/152/38 52/151/38 50/150/38 49/149/38
f 56/156/39 51/155/39 49/154/39 54/153/39
f 55/160/40 56/159/40 54/158/40 53/157/40
f 54/164/41 49/163/41 50/162/41 53/161/41
f 55/168/42 52/167/42 51/166/42 56/165/42
o torre2
v 0.16553566067660314 -0.125 0.1421408868878325
v 0.0937825171081488 -0.125 -0.031086525458033778
v 0.16553566067660314 -0.3125 0.1421408868878325
v 0.0937825171081488 -0.3125 -0.031086525458033778
v -0.07944489523771746 -0.125 0.04066661811042055
v -0.007691751669263128 -0.125 0.2138940304562868
v -0.07944489523771746 -0.3125 0.04066661811042055
v -0.007691751669263128 -0.3125 0.2138940304562868
vt 0 1
vt 0.375 1
vt 0.375 0.625
vt 0 0.625
vt 0 1
vt 0.375 1
vt 0.375 0.625
vt 0 0.625
vt 0 1
vt 0.375 1
vt 0.375 0.625
vt 0 0.625
vt 0 1
vt 0.375 1
vt 0.375 0.625
vt 0 0.625
vt 0.375 0.625
vt 0 0.625
vt 0 1
vt 0.375 1
vt 0.375 1
vt 0 1
vt 0 0.625
vt 0.375 0.625
vn -0.3826834323650897 0 -0.9238795325112867
vn 0.9238795325112867 0 -0.3826834323650897
vn 0.3826834323650897 0 0.9238795325112867
vn -0.9238795325112867 0 0.3826834323650897
vn 0 1 0
vn 0 -1 0
usemtl m_dd172267-ff04-1e08-210f-2b6d56d750ec
f 60/172/43 63/171/43 61/170/43 58/169/43
f 59/176/44 60/175/44 58/174/44 57/173/44
f 64/180/45 59/179/45 57/178/45 62/177/45
f 63/184/46 64/183/46 62/182/46 61/181/46
f 62/188/47 57/187/47 58/186/47 61/185/47
f 63/192/48 60/191/48 59/190/48 64/189/48
o torre2
v 0.20636575332898988 -0.0625 0.15905326501740114
v 0.11069489523771746 -0.0625 -0.07191661811042055
v 0.20636575332898988 -0.125 0.15905326501740114
v 0.11069489523771746 -0.125 -0.07191661811042055
v -0.12027498789010421 -0.0625 0.023754239980851882
v -0.02460412979883178 -0.0625 0.2547241231086736
v -0.12027498789010421 -0.125 0.023754239980851882
v -0.02460412979883178 -0.125 0.2547241231086736
vt 0 1
vt 0.5 1
vt 0.5 0.875
vt 0 0.875
vt 0 1
vt 0.5 1
vt 0.5 0.875
vt 0 0.875
vt 0 1
vt 0.5 1
vt 0.5 0.875
vt 0 0.875
vt 0 1
vt 0.5 1
vt 0.5 0.875
vt 0 0.875
vt 0.5 0.5
vt 0 0.5
vt 0 1
vt 0.5 1
vt 0.5 1
vt 0 1
vt 0 0.5
vt 0.5 0.5
vn -0.3826834323650897 0 -0.9238795325112867
vn 0.9238795325112867 0 -0.3826834323650897
vn 0.3826834323650897 0 0.9238795325112867
vn -0.9238795325112867 0 0.3826834323650897
vn 0 1 0
vn 0 -1 0
usemtl m_dd172267-ff04-1e08-210f-2b6d56d750ec
f 68/196/49 71/195/49 69/194/49 66/193/49
f 67/200/50 68/199/50 66/198/50 65/197/50
f 72/204/51 67/203/51 65/202/51 70/201/51
f 71/208/52 72/207/52 70/206/52 69/205/52
f 70/212/53 65/211/53 66/210/53 69/209/53
f 71/216/54 68/215/54 67/214/54 72/213/54
o torre2
v -0.2596776439768332 -0.1875 0.013847198244532677
v -0.2835953584996513 -0.1875 -0.04389527253742273
v -0.2596776439768332 -0.25 0.013847198244532677
v -0.2835953584996513 -0.25 -0.04389527253742273
v -0.3413378292816067 -0.1875 -0.01997755801460463
v -0.3174201147587886 -0.1875 0.03776491276735078
v -0.3413378292816067 -0.25 -0.01997755801460463
v -0.3174201147587886 -0.25 0.03776491276735078
vt 0 1
vt 0.125 1
vt 0.125 0.875
vt 0 0.875
vt 0 1
vt 0.125 1
vt 0.125 0.875
vt 0 0.875
vt 0 1
vt 0.125 1
vt 0.125 0.875
vt 0 0.875
vt 0 1
vt 0.125 1
vt 0.125 0.875
vt 0 0.875
vt 0.125 0.875
vt 0 0.875
vt 0 1
vt 0.125 1
vt 0.125 1
vt 0 1
vt 0 0.875
vt 0.125 0.875
vn -0.3826834323650897 0 -0.9238795325112867
vn 0.9238795325112867 0 -0.3826834323650897
vn 0.3826834323650897 0 0.9238795325112867
vn -0.9238795325112867 0 0.3826834323650897
vn 0 1 0
vn 0 -1 0
usemtl m_dd172267-ff04-1e08-210f-2b6d56d750ec
f 76/220/55 79/219/55 77/218/55 74/217/55
f 75/224/56 76/223/56 74/222/56 73/221/56
f 80/228/57 75/227/57 73/226/57 78/225/57
f 79/232/58 80/231/58 78/230/58 77/229/58
f 78/236/59 73/235/59 74/234/59 77/233/59
f 79/240/60 76/239/60 75/238/60 80/237/60
o torre2
v -0.1441927024129223 -0.1875 -0.03398823080110354
v -0.16811041693574041 -0.1875 -0.09173070158305895
v -0.1441927024129223 -0.25 -0.03398823080110354
v -0.16811041693574041 -0.25 -0.09173070158305895
v -0.22585288771769585 -0.1875 -0.06781298706024083
v -0.20193517319487775 -0.1875 -0.010070516278285424
v -0.22585288771769585 -0.25 -0.06781298706024083
v -0.20193517319487775 -0.25 -0.010070516278285424
vt 0 1
vt 0.125 1
vt 0.125 0.875
vt 0 0.875
vt 0 1
vt 0.125 1
vt 0.125 0.875
vt 0 0.875
vt 0 1
vt 0.125 1
vt 0.125 0.875
vt 0 0.875
vt 0 1
vt 0.125 1
vt 0.125 0.875
vt 0 0.875
vt 0.125 0.875
vt 0 0.875
vt 0 1
vt 0.125 1
vt 0.125 1
vt 0 1
vt 0 0.875
vt 0.125 0.875
vn -0.3826834323650897 0 -0.9238795325112867
vn 0.9238795325112867 0 -0.3826834323650897
vn 0.3826834323650897 0 0.9238795325112867
vn -0.9238795325112867 0 0.3826834323650897
vn 0 1 0
vn 0 -1 0
usemtl m_dd172267-ff04-1e08-210f-2b6d56d750ec
f 84/244/61 87/243/61 85/242/61 82/241/61
f 83/248/62 84/247/62 82/246/62 81/245/62
f 88/252/63 83/251/63 81/250/63 86/249/63
f 87/256/64 88/255/64 86/254/64 85/253/64
f 86/260/65 81/259/65 82/258/65 85/257/65
f 87/264/66 84/263/66 83/262/66 88/261/66
o torre2
v -0.21184221493119695 -0.1875 0.12933213980844352
v -0.23575992945401508 -0.1875 0.0715896690264881
v -0.21184221493119695 -0.25 0.12933213980844352
v -0.23575992945401508 -0.25 0.0715896690264881
v -0.2935024002359705 -0.1875 0.0955073835493062
v -0.26958468571315236 -0.1875 0.15324985433126162
v -0.2935024002359705 -0.25 0.0955073835493062
v -0.26958468571315236 -0.25 0.15324985433126162
vt 0 1
vt 0.125 1
vt 0.125 0.875
vt 0 0.875
vt 0 1
vt 0.125 1
vt 0.125 0.875
vt 0 0.875
vt 0 1
vt 0.125 1
vt 0.125 0.875
vt 0 0.875
vt 0 1
vt 0.125 1
vt 0.125 0.875
vt 0 0.875
vt 0.125 0.875
vt 0 0.875
vt 0 1
vt 0.125 1
vt 0.125 1
vt 0 1
vt 0 0.875
vt 0.125 0.875
vn -0.3826834323650897 0 -0.9238795325112867
vn 0.9238795325112867 0 -0.3826834323650897
vn 0.3826834323650897 0 0.9238795325112867
vn -0.9238795325112867 0 0.3826834323650897
vn 0 1 0
vn 0 -1 0
usemtl m_dd172267-ff04-1e08-210f-2b6d56d750ec
f 92/268/67 95/267/67 93/266/67 90/265/67
f 91/272/68 92/271/68 90/270/68 89/269/68
f 96/276/69 91/275/69 89/274/69 94/273/69
f 95/280/70 96/279/70 94/278/70 93/277/70
f 94/284/71 89/283/71 90/282/71 93/281/71
f 95/288/72 92/287/72 91/286/72 96/285/72
o torre2
v -0.09635727336728611 -0.1875 0.0814967107628073
v -0.12027498789010421 -0.1875 0.023754239980851882
v -0.09635727336728611 -0.25 0.0814967107628073
v -0.12027498789010421 -0.25 0.023754239980851882
v -0.17801745867205965 -0.1875 0.04767195450367
v -0.15409974414924155 -0.1875 0.10541442528562542
v -0.17801745867205965 -0.25 0.04767195450367
v -0.15409974414924155 -0.25 0.10541442528562542
vt 0 1
vt 0.125 1
vt 0.125 0.875
vt 0 0.875
vt 0 1
vt 0.125 1
vt 0.125 0.875
vt 0 0.875
vt 0 1
vt 0.125 1
vt 0.125 0.875
vt 0 0.875
vt 0 1
vt 0.125 1
vt 0.125 0.875
vt 0 0.875
vt 0.125 0.875
vt 0 0.875
vt 0 1
vt 0.125 1
vt 0.125 1
vt 0 1
vt 0 0.875
vt 0.125 0.875
vn -0.3826834323650897 0 -0.9238795325112867
vn 0.9238795325112867 0 -0.3826834323650897
vn 0.3826834323650897 0 0.9238795325112867
vn -0.9238795325112867 0 0.3826834323650897
vn 0 1 0
vn 0 -1 0
usemtl m_dd172267-ff04-1e08-210f-2b6d56d750ec
f 100/292/73 103/291/73 101/290/73 98/289/73
f 99/296/74 100/295/74 98/294/74 97/293/74
f 104/300/75 99/299/75 97/298/75 102/297/75
f 103/304/76 104/303/76 102/302/76 101/301/76
f 102/308/77 97/307/77 98/306/77 101/305/77
f 103/312/78 100/311/78 99/310/78 104/309/78