# Made in Blockbench 4.12.4
mtllib castanheira.mtl

o Block
v 0.25 3.5 0.25
v 0.25 3.5 -0.25
v 0.25 -0.5 0.25
v 0.25 -0.5 -0.25
v -0.25 3.5 -0.25
v -0.25 3.5 0.25
v -0.25 -0.5 -0.25
v -0.25 -0.5 0.25
vt 0 1
vt 0.125 1
vt 0.125 0
vt 0 0
vt 0 1
vt 0.125 1
vt 0.125 0
vt 0 0
vt 0 1
vt 0.125 1
vt 0.125 0
vt 0 0
vt 0 1
vt 0.125 1
vt 0.125 0
vt 0 0
vt 0 1
vt 0.125 1
vt 0.125 0.875
vt 0 0.875
vt 0 1
vt 0.125 1
vt 0.125 0.875
vt 0 0.875
vn 0 0 -1
vn 1 0 0
vn 0 0 1
vn -1 0 0
vn 0 1 0
vn 0 -1 0
usemtl m_983cc2fe-a5c1-a004-1527-c3f12f1d0207
f 4/4/1 7/3/1 5/2/1 2/1/1
f 3/8/2 4/7/2 2/6/2 1/5/2
f 8/12/3 3/11/3 1/10/3 6/9/3
f 7/16/4 8/15/4 6/14/4 5/13/4
f 6/20/5 1/19/5 2/18/5 5/17/5
f 7/24/6 4/23/6 3/22/6 8/21/6
o Block
v 0.25 4.5 0.25
v 0.25 4.5 -0.25
v 0.25 3.5 0.25
v 0.25 3.5 -0.25
v -0.25 4.5 -0.25
v -0.25 4.5 0.25
v -0.25 3.5 -0.25
v -0.25 3.5 0.25
vt 0 1
vt 0.125 1
vt 0.125 0.75
vt 0 0.75
vt 0 1
vt 0.125 1
vt 0.125 0.75
vt 0 0.75
vt 0 1
vt 0.125 1
vt 0.125 0.75
vt 0 0.75
vt 0 1
vt 0.125 1
vt 0.125 0.75
vt 0 0.75
vt 0 1
vt 0.125 1
vt 0.125 0.875
vt 0 0.875
vt 0 1
vt 0.125 1
vt 0.125 0.875
vt 0 0.875
vn 0 0 -1
vn 1 0 0
vn 0 0 1
vn -1 0 0
vn 0 1 0
vn 0 -1 0
usemtl m_983cc2fe-a5c1-a004-1527-c3f12f1d0207
f 12/28/7 15/27/7 13/26/7 10/25/7
f 11/32/8 12/31/8 10/30/8 9/29/8
f 16/36/9 11/35/9 9/34/9 14/33/9
f 15/40/10 16/39/10 14/38/10 13/37/10
f 14/44/11 9/43/11 10/42/11 13/41/11
f 15/48/12 12/47/12 11/46/12 16/45/12
o Block
v 0.125 6.4375 0.125
v 0.125 6.4375 -0.125
v 0.125 4.4375 0.125
v 0.125 4.4375 -0.125
v -0.125 6.4375 -0.125
v -0.125 6.4375 0.125
v -0.125 4.4375 -0.125
v -0.125 4.4375 0.125
vt 0 1
vt 0.0625 1
vt 0.0625 0.5
vt 0 0.5
vt 0 1
vt 0.0625 1
vt 0.0625 0.5
vt 0 0.5
vt 0 1
vt 0.0625 1
vt 0.0625 0.5
vt 0 0.5
vt 0 1
vt 0.0625 1
vt 0.0625 0.5
vt 0 0.5
vt 0 1
vt 0.0625 1
vt 0.0625 0.9375
vt 0 0.9375
vt 0 1
vt 0.0625 1
vt 0.0625 0.9375
vt 0 0.9375
vn 0 0 -1
vn 1 0 0
vn 0 0 1
vn -1 0 0
vn 0 1 0
vn 0 -1 0
usemtl m_983cc2fe-a5c1-a004-1527-c3f12f1d0207
f 20/52/13 23/51/13 21/50/13 18/49/13
f 19/56/14 20/55/14 18/54/14 17/53/14
f 24/60/15 19/59/15 17/58/15 22/57/15
f 23/64/16 24/63/16 22/62/16 21/61/16
f 22/68/17 17/67/17 18/66/17 21/65/17
f 23/72/18 20/71/18 19/70/18 24/69/18
o Block
v 0.03125 7.736403716801121 -1.5211264566038665
v 0.03125 7.688246041946618 -1.5609647340842998
v 0.03125 6.461578837427251 0.01991913874021671
v 0.03125 6.413421162572749 -0.01991913874021671
v -0.03125 7.688246041946618 -1.5609647340842998
v -0.03125 7.736403716801121 -1.5211264566038665
v -0.03125 6.413421162572749 -0.01991913874021671
v -0.03125 6.461578837427251 0.01991913874021671
vt 0 1
vt 0.015625 1
vt 0.015625 0.5
vt 0 0.5
vt 0 1
vt 0.015625 1
vt 0.015625 0.5
vt 0 0.5
vt 0 1
vt 0.015625 1
vt 0.015625 0.5
vt 0 0.5
vt 0 1
vt 0.015625 1
vt 0.015625 0.5
vt 0 0.5
vt 0 1
vt 0.015625 1
vt 0.015625 0.984375
vt 0 0.984375
vt 0 1
vt 0.015625 1
vt 0.015625 0.984375
vt 0 0.984375
vn 0 -0.7705227976720416 -0.6374124396869347
vn 1 0 0
vn 0 0.7705227976720416 0.6374124396869347
vn -1 0 0
vn 0 0.6374124396869347 -0.7705227976720416
vn 0 -0.6374124396869347 0.7705227976720416
usemtl m_983cc2fe-a5c1-a004-1527-c3f12f1d0207
f 28/76/19 31/75/19 29/74/19 26/73/19
f 27/80/20 28/79/20 26/78/20 25/77/20
f 32/84/21 27/83/21 25/82/21 30/81/21
f 31/88/22 32/87/22 30/86/22 29/85/22
f 30/92/23 25/91/23 26/90/23 29/89/23
f 31/96/24 28/95/24 27/94/24 32/93/24
o folhas
v 0.4280536261972331 7.809355294724704 -1.6462263298157966
v 0.45620679526054275 6.411859977875782 -0.21576687968901065
v 0.4280536261972331 7.809355294724704 -1.6462263298157966
v 0.45620679526054275 6.411859977875782 -0.21576687968901065
v -0.3825764404238683 6.792972981273661 0.17307185574746575
v -0.41072960948717796 8.190468298122584 -1.2573875943793202
v -0.3825764404238683 6.792972981273661 0.17307185574746575
v -0.41072960948717796 8.190468298122584 -1.2573875943793202
vt 1 0
vt 1.25 0
vt 1.25 0
vt 1 0
vt 0.5 0
vt 1 0
vt 1 0
vt 0.5 0
vt 0.25 0
vt 0.5 0
vt 0.5 0
vt 0.25 0
vt -0.25 0
vt 0.25 0
vt 0.25 0
vt -0.25 0
vt 0.25 0.5
vt 0.5 0.5
vt 0.5 0
vt 0.25 0
vt 0.5 0.5
vt 0.75 0.5
vt 0.75 0
vt 0.5 0
vn -0.014076584531654942 0.6987476584244606 -0.7152297250633928
vn 0.8387832356844112 -0.381113003397879 -0.388838735436476
vn 0.014076584531654942 -0.6987476584244606 0.7152297250633928
vn -0.8387832356844112 0.381113003397879 0.388838735436476
vn 0.5442835045293153 0.6053962243748976 0.5807330524517317
vn -0.5442835045293153 -0.6053962243748976 -0.5807330524517317
usemtl m_983cc2fe-a5c1-a004-1527-c3f12f1d0207
f 36/100/25 39/99/25 37/98/25 34/97/25
f 35/104/26 36/103/26 34/102/26 33/101/26
f 40/108/27 35/107/27 33/106/27 38/105/27
f 39/112/28 40/111/28 38/110/28 37/109/28
f 38/116/29 33/115/29 34/114/29 37/113/29
f 39/120/30 36/119/30 35/118/30 40/117/30
o folhas
v 0.486432603744543 8.109958317675318 -1.3536995031781096
v 0.5145857728078527 6.712463000826396 0.07675994694867623
v 0.486432603744543 8.109958317675318 -1.3536995031781096
v 0.5145857728078527 6.712463000826396 0.07675994694867623
v -0.4409553819368115 6.4923701283506094 -0.11945480549004957
v -0.46910855100012117 7.889865445199531 -1.5499142556168355
v -0.4409553819368115 6.4923701283506094 -0.11945480549004957
v -0.46910855100012117 7.889865445199531 -1.5499142556168355
vt 1 0
vt 1.25 0
vt 1.25 0
vt 1 0
vt 0.5 0
vt 1 0
vt 1 0
vt 0.5 0
vt 0.25 0
vt 0.5 0
vt 0.5 0
vt 0.25 0
vt -0.25 0
vt 0.25 0
vt 0.25 0
vt -0.25 0
vt 0.25 0.5
vt 0.5 0.5
vt 0.5 0
vt 0.25 0
vt 0.5 0.5
vt 0.75 0.5
vt 0.75 0
vt 0.5 0
vn -0.014076584531654914 0.6987476584244606 -0.7152297250633929
vn 0.9555411547446642 0.2200928724757874 0.19621475243872583
vn 0.014076584531654914 -0.6987476584244606 0.7152297250633929
vn -0.9555411547446642 -0.2200928724757874 -0.19621475243872583
vn -0.2945215634841648 0.6806694038457217 0.6707803003302596
vn 0.2945215634841648 -0.6806694038457217 -0.6707803003302596
usemtl m_983cc2fe-a5c1-a004-1527-c3f12f1d0207
f 44/124/31 47/123/31 45/122/31 42/121/31
f 43/128/32 44/127/32 42/126/32 41/125/32
f 48/132/33 43/131/33 41/130/33 46/129/33
f 47/136/34 48/135/34 46/134/34 45/133/34
f 46/140/35 41/139/35 42/138/35 45/137/35
f 47/144/36 44/143/36 43/142/36 48/141/36
o galho
v 0.125 4.125 4.25
v 0.125 4.125 0.25
v 0.125 3.875 4.25
v 0.125 3.875 0.25
v -0.125 4.125 0.25
v -0.125 4.125 4.25
v -0.125 3.875 0.25
v -0.125 3.875 4.25
vt 0 1
vt 0.0625 1
vt 0.0625 0.9375
vt 0 0.9375
vt 0.125 0
vt 0.0625 0
vt 0.0625 1
vt 0.125 1
vt 0 1
vt 0.0625 1
vt 0.0625 0.9375
vt 0 0.9375
vt 0.125 0
vt 0.0625 0
vt 0.0625 1
vt 0.125 1
vt 0 1
vt 0.0625 1
vt 0.0625 0
vt 0 0
vt 0 1
vt 0.0625 1
vt 0.0625 0
vt 0 0
vn 0 0 -1
vn 1 0 0
vn 0 0 1
vn -1 0 0
vn 0 1 0
vn 0 -1 0
usemtl m_983cc2fe-a5c1-a004-1527-c3f12f1d0207
f 52/148/37 55/147/37 53/146/37 50/145/37
f 51/152/38 52/151/38 50/150/38 49/149/38
f 56/156/39 51/155/39 49/154/39 54/153/39
f 55/160/40 56/159/40 54/158/40 53/157/40
f 54/164/41 49/163/41 50/162/41 53/161/41
f 55/168/42 52/167/42 51/166/42 56/165/42
o galho
v 0.125 4.125 -4.25
v 0.125 4.125 -0.25
v 0.125 3.875 -4.25
v 0.125 3.875 -0.25
v -0.125 4.125 -0.25
v -0.125 4.125 -4.25
v -0.125 3.875 -0.25
v -0.125 3.875 -4.25
vt 0 1
vt 0.0625 1
vt 0.0625 0.9375
vt 0 0.9375
vt 0.125 0
vt 0.0625 0
vt 0.0625 1
vt 0.125 1
vt 0 1
vt 0.0625 1
vt 0.0625 0.9375
vt 0 0.9375
vt 0.125 0
vt 0.0625 0
vt 0.0625 1
vt 0.125 1
vt 0 1
vt 0.0625 1
vt 0.0625 0
vt 0 0
vt 0 1
vt 0.0625 1
vt 0.0625 0
vt 0 0
vn 0 0 -1
vn 1 0 0
vn 0 0 1
vn -1 0 0
vn 0 1 0
vn 0 -1 0
usemtl m_983cc2fe-a5c1-a004-1527-c3f12f1d0207
f 60/172/43 63/171/43 61/170/43 58/169/43
f 59/176/44 60/175/44 58/174/44 57/173/44
f 64/180/45 59/179/45 57/178/45 62/177/45
f 63/184/46 64/183/46 62/182/46 61/181/46
f 62/188/47 57/187/47 58/186/47 61/185/47
f 63/192/48 60/191/48 59/190/48 64/189/48
o galho
v 4.0000325684696785 4.125 -0.12395342343747597
v 0.00003270538387360744 4.125 -0.1249999957214314
v 4.0000325684696785 3.875 -0.12395342343747597
v 0.00003270538387360744 3.875 -0.1249999957214314
v -0.00003270538387360744 4.125 0.1249999957214314
v 3.9999671577019313 4.125 0.12604656800538683
v -0.00003270538387360744 3.875 0.1249999957214314
v 3.9999671577019313 3.875 0.12604656800538683
vt 0 1
vt 0.0625 1
vt 0.0625 0.9375
vt 0 0.9375
vt 0.125 0
vt 0.0625 0
vt 0.0625 1
vt 0.125 1
vt 0 1
vt 0.0625 1
vt 0.0625 0.9375
vt 0 0.9375
vt 0.125 0
vt 0.0625 0
vt 0.0625 1
vt 0.125 1
vt 0 1
vt 0.0625 1
vt 0.0625 0
vt 0 0
vt 0 1
vt 0.0625 1
vt 0.0625 0
vt 0 0
vn -0.9999999657714512 0 -0.00026164307098885953
vn 0.00026164307098885953 0 -0.9999999657714512
vn 0.9999999657714512 0 0.00026164307098885953
vn -0.00026164307098885953 0 0.9999999657714512
vn 0 1 0
vn 0 -1 0
usemtl m_983cc2fe-a5c1-a004-1527-c3f12f1d0207
f 68/196/49 71/195/49 69/194/49 66/193/49
f 67/200/50 68/199/50 66/198/50 65/197/50
f 72/204/51 67/203/51 65/202/51 70/201/51
f 71/208/52 72/207/52 70/206/52 69/205/52
f 70/212/53 65/211/53 66/210/53 69/209/53
f 71/216/54 68/215/54 67/214/54 72/213/54
o galho
v -4.249967149144794 4.125 -0.12611197877313404
v -0.2499672860589892 4.125 -0.12506540648917863
v -4.249967149144794 3.875 -0.12611197877313404
v -0.2499672860589892 3.875 -0.12506540648917863
v -0.2500326968267364 4.125 0.12493458495368419
v -4.250032559912541 4.125 0.12388801266972875
v -0.2500326968267364 3.875 0.12493458495368419
v -4.250032559912541 3.875 0.12388801266972875
vt 0 1
vt 0.0625 1
vt 0.0625 0.9375
vt 0 0.9375
vt 0.125 0
vt 0.0625 0
vt 0.0625 1
vt 0.125 1
vt 0 1
vt 0.0625 1
vt 0.0625 0.9375
vt 0 0.9375
vt 0.125 0
vt 0.0625 0
vt 0.0625 1
vt 0.125 1
vt 0 1
vt 0.0625 1
vt 0.0625 0
vt 0 0
vt 0 1
vt 0.0625 1
vt 0.0625 0
vt 0 0
vn -0.9999999657714512 0 -0.00026164307098885953
vn 0.00026164307098885953 0 -0.9999999657714512
vn 0.9999999657714512 0 0.00026164307098885953
vn -0.00026164307098885953 0 0.9999999657714512
vn 0 1 0
vn 0 -1 0
usemtl m_983cc2fe-a5c1-a004-1527-c3f12f1d0207
f 76/220/55 79/219/55 77/218/55 74/217/55
f 75/224/56 76/223/56 74/222/56 73/221/56
f 80/228/57 75/227/57 73/226/57 78/225/57
f 79/232/58 80/231/58 78/230/58 77/229/58
f 78/236/59 73/235/59 74/234/59 77/233/59
f 79/240/60 76/239/60 75/238/60 80/237/60
o galho
v 2.979315557267246 5.9375 2.802538686749471
v 0.1508883449104881 5.9375 -0.025888350386148673
v 2.979315557267246 5.6875 2.802538686749471
v 0.1508883449104881 5.6875 -0.025888350386148673
v -0.02588834491048811 5.9375 0.15088835038614867
v 2.8025388674462692 5.9375 2.979315387521768
v -0.02588834491048811 5.6875 0.15088835038614867
v 2.8025388674462692 5.6875 2.979315387521768
vt 0 1
vt 0.0625 1
vt 0.0625 0.9375
vt 0 0.9375
vt 0.125 0
vt 0.0625 0
vt 0.0625 1
vt 0.125 1
vt 0 1
vt 0.0625 1
vt 0.0625 0.9375
vt 0 0.9375
vt 0.125 0
vt 0.0625 0
vt 0.0625 1
vt 0.125 1
vt 0 1
vt 0.0625 1
vt 0.0625 0
vt 0 0
vt 0 1
vt 0.0625 1
vt 0.0625 0
vt 0 0
vn -0.7071068030891895 0 -0.707106759283905
vn 0.707106759283905 0 -0.7071068030891895
vn 0.7071068030891895 0 0.707106759283905
vn -0.707106759283905 0 0.7071068030891895
vn 0 1 0
vn 0 -1 0
usemtl m_983cc2fe-a5c1-a004-1527-c3f12f1d0207
f 84/244/61 87/243/61 85/242/61 82/241/61
f 83/248/62 84/247/62 82/246/62 81/245/62
f 88/252/63 83/251/63 81/250/63 86/249/63
f 87/256/64 88/255/64 86/254/64 85/253/64
f 86/260/65 81/259/65 82/258/65 85/257/65
f 87/264/66 84/263/66 83/262/66 88/261/66
o galho
v -2.8101213930254922 5.9375 -2.9868979048875004
v 0.0183058193312651 5.9375 -0.15847086775188085
v -2.8101213930254922 5.6875 -2.9868979048875004
v 0.0183058193312651 5.6875 -0.15847086775188085
v -0.15847087048971112 5.9375 0.018305833020416495
v -2.986898082846469 5.9375 -2.810121204115203
v -0.15847087048971112 5.6875 0.018305833020416495
v -2.986898082846469 5.6875 -2.810121204115203
vt 0 1
vt 0.0625 1
vt 0.0625 0.9375
vt 0 0.9375
vt 0.125 0
vt 0.0625 0
vt 0.0625 1
vt 0.125 1
vt 0 1
vt 0.0625 1
vt 0.0625 0.9375
vt 0 0.9375
vt 0.125 0
vt 0.0625 0
vt 0.0625 1
vt 0.125 1
vt 0 1
vt 0.0625 1
vt 0.0625 0
vt 0 0
vt 0 1
vt 0.0625 1
vt 0.0625 0
vt 0 0
vn -0.7071068030891895 0 -0.707106759283905
vn 0.707106759283905 0 -0.7071068030891895
vn 0.7071068030891895 0 0.707106759283905
vn -0.707106759283905 0 0.7071068030891895
vn 0 1 0
vn 0 -1 0
usemtl m_983cc2fe-a5c1-a004-1527-c3f12f1d0207
f 92/268/67 95/267/67 93/266/67 90/265/67
f 91/272/68 92/271/68 90/270/68 89/269/68
f 96/276/69 91/275/69 89/274/69 94/273/69
f 95/280/70 96/279/70 94/278/70 93/277/70
f 94/284/71 89/283/71 90/282/71 93/281/71
f 95/288/72 92/287/72 91/286/72 96/285/72
o galho
v 2.714913407155686 5.9375 -2.941986890202741
v -0.11425357154889038 5.9375 -0.11429981299500612
v 2.714913407155686 5.6875 -2.941986890202741
v -0.11425357154889038 5.6875 -0.11429981299500612
v 0.06247687077659303 5.9375 0.0625231231740299
v 2.891643849481169 5.9375 -2.7651639540337047
v 0.06247687077659303 5.6875 0.0625231231740299
v 2.891643849481169 5.6875 -2.7651639540337047
vt 0 1
vt 0.0625 1
vt 0.0625 0.9375
vt 0 0.9375
vt 0.125 0
vt 0.0625 0
vt 0.0625 1
vt 0.125 1
vt 0 1
vt 0.0625 1
vt 0.0625 0.9375
vt 0 0.9375
vt 0.125 0
vt 0.0625 0
vt 0.0625 1
vt 0.125 1
vt 0 1
vt 0.0625 1
vt 0.0625 0
vt 0 0
vt 0 1
vt 0.0625 1
vt 0.0625 0
vt 0 0
vn -0.7072917446761441 0 0.7069217693019336
vn -0.7069217693019336 0 -0.7072917446761441
vn 0.7072917446761441 0 -0.7069217693019336
vn 0.7069217693019336 0 0.7072917446761441
vn 0 1 0
vn 0 -1 0
usemtl m_983cc2fe-a5c1-a004-1527-c3f12f1d0207
f 100/292/73 103/291/73 101/290/73 98/289/73
f 99/296/74 100/295/74 98/294/74 97/293/74
f 104/300/75 99/299/75 97/298/75 102/297/75
f 103/304/76 104/303/76 102/302/76 101/301/76
f 102/308/77 97/307/77 98/306/77 101/305/77
f 103/312/78 100/311/78 99/310/78 104/309/78
o galho
v -3.0318320183379845 5.9375 2.80175248537547
v -0.20266503963340837 5.9375 -0.025934591832264417
v -3.0318320183379845 5.6875 2.80175248537547
v -0.20266503963340837 5.6875 -0.025934591832264417
v -0.02593459730792498 5.9375 0.15088834433677162
v -2.8551015760125016 5.9375 2.978575421544506
v -0.02593459730792498 5.6875 0.15088834433677162
v -2.8551015760125016 5.6875 2.978575421544506
vt 0 1
vt 0.0625 1
vt 0.0625 0.9375
vt 0 0.9375
vt 0.125 0
vt 0.0625 0
vt 0.0625 1
vt 0.125 1
vt 0 1
vt 0.0625 1
vt 0.0625 0.9375
vt 0 0.9375
vt 0.125 0
vt 0.0625 0
vt 0.0625 1
vt 0.125 1
vt 0 1
vt 0.0625 1
vt 0.0625 0
vt 0 0
vt 0 1
vt 0.0625 1
vt 0.0625 0
vt 0 0
vn -0.7072917446761441 0 0.7069217693019336
vn -0.7069217693019336 0 -0.7072917446761441
vn 0.7072917446761441 0 -0.7069217693019336
vn 0.7069217693019336 0 0.7072917446761441
vn 0 1 0
vn 0 -1 0
usemtl m_983cc2fe-a5c1-a004-1527-c3f12f1d0207
f 108/316/79 111/315/79 109/314/79 106/313/79
f 107/320/80 108/319/80 106/318/80 105/317/80
f 112/324/81 107/323/81 105/322/81 110/321/81
f 111/328/82 112/327/82 110/326/82 109/325/82
f 110/332/83 105/331/83 106/330/83 109/329/83
f 111/336/84 108/335/84 107/334/84 112/333/84
o folhas
v 0.4531538908935517 4.398809136499194 4.25
v 0.4531538908935517 4.398809136499194 0.25
v 0.4531538908935517 4.398809136499194 4.25
v 0.4531538908935517 4.398809136499194 0.25
v -0.4531538908935517 3.976190863500806 0.25
v -0.4531538908935517 3.976190863500806 4.25
v -0.4531538908935517 3.976190863500806 0.25
v -0.4531538908935517 3.976190863500806 4.25
vt 1.5 0
vt 1.75 0
vt 1.75 0
vt 1.5 0
vt 0.5 0
vt 1.5 0
vt 1.5 0
vt 0.5 0
vt 0.25 0
vt 0.5 0
vt 0.5 0
vt 0.25 0
vt -0.75 0
vt 0.25 0
vt 0.25 0
vt -0.75 0
vt 0.25 1
vt 0.5 1
vt 0.5 0
vt 0.25 0
vt 0.5 1
vt 0.75 1
vt 0.75 0
vt 0.5 0
vn 0 0 -1
vn 0.9063077817871034 0.4226182729983883 0
vn 0 0 1
vn -0.9063077817871034 -0.4226182729983883 0
vn -0.4226182729983883 0.9063077817871034 0
vn 0.4226182729983883 -0.9063077817871034 0
usemtl m_983cc2fe-a5c1-a004-1527-c3f12f1d0207
f 116/340/85 119/339/85 117/338/85 114/337/85
f 115/344/86 116/343/86 114/342/86 113/341/86
f 120/348/87 115/347/87 113/346/87 118/345/87
f 119/352/88 120/351/88 118/350/88 117/349/88
f 118/356/89 113/355/89 114/354/89 117/353/89
f 119/360/90 116/359/90 115/358/90 120/357/90
o folhas
v 0.45315389374000453 3.976190753106493 4.249999865889549
v 0.45315389374000453 3.976190753106493 0.24999986588954926
v 0.45315389374000453 3.976190753106493 4.249999865889549
v 0.45315389374000453 3.976190753106493 0.24999986588954926
v -0.4531538969614793 4.398809006987931 0.24999986588954926
v -0.4531538969614793 4.398809006987931 4.249999865889549
v -0.4531538969614793 4.398809006987931 0.24999986588954926
v -0.4531538969614793 4.398809006987931 4.249999865889549
vt 1.5 0
vt 1.75 0
vt 1.75 0
vt 1.5 0
vt 0.5 0
vt 1.5 0
vt 1.5 0
vt 0.5 0
vt 0.25 0
vt 0.5 0
vt 0.5 0
vt 0.25 0
vt -0.75 0
vt 0.25 0
vt 0.25 0
vt -0.75 0
vt 0.25 1
vt 0.5 1
vt 0.5 0
vt 0.25 0
vt 0.5 1
vt 0.75 1
vt 0.75 0
vt 0.5 0
vn 0 0 -1
vn 0.9063077907014838 -0.4226182538814377 0
vn 0 0 1
vn -0.9063077907014838 0.4226182538814377 0
vn 0.4226182538814377 0.9063077907014838 0
vn -0.4226182538814377 -0.9063077907014838 0
usemtl m_983cc2fe-a5c1-a004-1527-c3f12f1d0207
f 124/364/91 127/363/91 125/362/91 122/361/91
f 123/368/92 124/367/92 122/366/92 121/365/92
f 128/372/93 123/371/93 121/370/93 126/369/93
f 127/376/94 128/375/94 126/374/94 125/373/94
f 126/380/95 121/379/95 122/378/95 125/377/95
f 127/384/96 124/383/96 123/382/96 128/381/96
o folhas
v 0.4531538892828143 4.398809016546406 -4.25
v 0.4531538892828143 4.398809016546406 -0.25
v 0.4531538892828143 4.398809016546406 -4.25
v 0.4531538892828143 4.398809016546406 -0.25
v -0.45315389250428906 3.9761907435480177 -0.25
v -0.45315389250428906 3.9761907435480177 -4.25
v -0.45315389250428906 3.9761907435480177 -0.25
v -0.45315389250428906 3.9761907435480177 -4.25
vt 1.5 0
vt 1.75 0
vt 1.75 0
vt 1.5 0
vt 0.5 0
vt 1.5 0
vt 1.5 0
vt 0.5 0
vt 0.25 0
vt 0.5 0
vt 0.5 0
vt 0.25 0
vt -0.75 0
vt 0.25 0
vt 0.25 0
vt -0.75 0
vt 0.25 1
vt 0.5 1
vt 0.5 0
vt 0.25 0
vt 0.5 1
vt 0.75 1
vt 0.75 0
vt 0.5 0
vn 0 0 -1
vn 0.9063077817871034 0.4226182729983883 0
vn 0 0 1
vn -0.9063077817871034 -0.4226182729983883 0
vn -0.4226182729983883 0.9063077817871034 0
vn 0.4226182729983883 -0.9063077817871034 0
usemtl m_983cc2fe-a5c1-a004-1527-c3f12f1d0207
f 132/388/97 135/387/97 133/386/97 130/385/97
f 131/392/98 132/391/98 130/390/98 129/389/98
f 136/396/99 131/395/99 129/394/99 134/393/99
f 135/400/100 136/399/100 134/398/100 133/397/100
f 134/404/101 129/403/101 130/402/101 133/401/101
f 135/408/102 132/407/102 131/406/102 136/405/102
o folhas
v 0.4531538921292671 3.976190633153705 -4.249999865889549
v 0.4531538921292671 3.976190633153705 -0.24999986588954926
v 0.4531538921292671 3.976190633153705 -4.249999865889549
v 0.4531538921292671 3.976190633153705 -0.24999986588954926
v -0.4531538985722167 4.398808887035143 -0.24999986588954926
v -0.4531538985722167 4.398808887035143 -4.249999865889549
v -0.4531538985722167 4.398808887035143 -0.24999986588954926
v -0.4531538985722167 4.398808887035143 -4.249999865889549
vt 1.5 0
vt 1.75 0
vt 1.75 0
vt 1.5 0
vt 0.5 0
vt 1.5 0
vt 1.5 0
vt 0.5 0
vt 0.25 0
vt 0.5 0
vt 0.5 0
vt 0.25 0
vt -0.75 0
vt 0.25 0
vt 0.25 0
vt -0.75 0
vt 0.25 1
vt 0.5 1
vt 0.5 0
vt 0.25 0
vt 0.5 1
vt 0.75 1
vt 0.75 0
vt 0.5 0
vn 0 0 -1
vn 0.9063077907014838 -0.4226182538814377 0
vn 0 0 1
vn -0.9063077907014838 0.4226182538814377 0
vn 0.4226182538814377 0.9063077907014838 0
vn -0.4226182538814377 -0.9063077907014838 0
usemtl m_983cc2fe-a5c1-a004-1527-c3f12f1d0207
f 140/412/103 143/411/103 141/410/103 138/409/103
f 139/416/104 140/415/104 138/414/104 137/413/104
f 144/420/105 139/419/105 137/418/105 142/417/105
f 143/424/106 144/423/106 142/422/106 141/421/106
f 142/428/107 137/427/107 138/426/107 141/425/107
f 143/432/108 140/431/108 139/430/108 144/429/108
o folhas
v -0.24999999994046276 4.429039624415354 -0.43259600913270047
v -4.24999999994046 4.429039680848513 -0.4325958699314615
v -0.24999999994046276 4.429039624415354 -0.43259600913270047
v -4.24999999994046 4.429039680848513 -0.4325958699314615
v -4.24999997436309 4.00642139532991 0.4737119060173687
v -0.2499999743630927 4.006421338896749 0.4737117668161297
v -4.24999997436309 4.00642139532991 0.4737119060173687
v -0.2499999743630927 4.006421338896749 0.4737117668161297
vt 1.5 0
vt 1.75 0
vt 1.75 0
vt 1.5 0
vt 0.5 0
vt 1.5 0
vt 1.5 0
vt 0.5 0
vt 0.25 0
vt 0.5 0
vt 0.5 0
vt 0.25 0
vt -0.75 0
vt 0.25 0
vt 0.25 0
vt -0.75 0
vt 0.25 1
vt 0.5 1
vt 0.5 0
vt 0.25 0
vt 0.5 1
vt 0.75 1
vt 0.75 0
vt 0.5 0
vn -0.9999999999999993 1.4108290055224814e-8 3.480030983622726e-8
vn -2.557737000407879e-8 0.422618285518604 -0.9063077759488303
vn 0.9999999999999993 -1.4108290055224814e-8 -3.480030983622726e-8
vn 2.557737000407879e-8 -0.422618285518604 0.9063077759488303
vn 2.7493700154818444e-8 0.9063077759488306 0.42261828551860336
vn -2.7493700154818444e-8 -0.9063077759488306 -0.42261828551860336
usemtl m_983cc2fe-a5c1-a004-1527-c3f12f1d0207
f 148/436/109 151/435/109 149/434/109 146/433/109
f 147/440/110 148/439/110 146/438/110 145/437/110
f 152/444/111 147/443/111 145/442/111 150/441/111
f 151/448/112 152/447/112 150/446/112 149/445/112
f 150/452/113 145/451/113 146/450/113 149/449/113
f 151/456/114 148/455/114 147/454/114 152/453/114
o folhas
v -0.2500001400133367 4.006421241022655 -0.4325960178174227
v -4.250000140013333 4.006421297455814 -0.4325958786161837
v -0.2500001400133367 4.006421241022655 -0.4325960178174227
v -4.250000140013333 4.006421297455814 -0.4325958786161837
v -4.2500001025111205 4.429039538817036 0.47371191792357165
v -0.25000010251112403 4.429039482383876 0.47371177872233267
v -4.2500001025111205 4.429039538817036 0.47371191792357165
v -0.25000010251112403 4.429039482383876 0.47371177872233267
vt 1.5 0
vt 1.75 0
vt 1.75 0
vt 1.5 0
vt 0.5 0
vt 1.5 0
vt 1.5 0
vt 0.5 0
vt 0.25 0
vt 0.5 0
vt 0.5 0
vt 0.25 0
vt -0.75 0
vt 0.25 0
vt 0.25 0
vt -0.75 0
vt 0.25 1
vt 0.5 1
vt 0.5 0
vt 0.25 0
vt 0.5 1
vt 0.75 1
vt 0.75 0
vt 0.5 0
vn -0.9999999999999993 1.4108290055224814e-8 3.480030983622726e-8
vn -3.750221274416555e-8 -0.42261824136122167 -0.9063077965397554
vn 0.9999999999999993 -1.4108290055224814e-8 -3.480030983622726e-8
vn 3.750221274416555e-8 0.42261824136122167 0.9063077965397554
vn -1.9207924978923073e-9 0.9063077965397562 -0.42261824136122195
vn 1.9207924978923073e-9 -0.9063077965397562 0.42261824136122195
usemtl m_983cc2fe-a5c1-a004-1527-c3f12f1d0207
f 156/460/115 159/459/115 157/458/115 154/457/115
f 155/464/116 156/463/116 154/462/116 153/461/116
f 160/468/117 155/467/117 153/466/117 158/465/117
f 159/472/118 160/471/118 158/470/118 157/469/118
f 158/476/119 153/475/119 154/474/119 157/473/119
f 159/480/120 156/479/120 155/478/120 160/477/120
o folhas
v 0.24999998507394583 4.398809027399585 -0.5156538879744152
v 4.249999985073944 4.398808970966421 -0.5156540248885824
v 0.24999998507394583 4.398809027399585 -0.5156538879744152
v 4.249999985073944 4.398808970966421 -0.5156540248885824
v 4.250000010133116 3.9761906854478166 0.3906537510602481
v 0.2500000101331175 3.9761907418809805 0.3906538879744152
v 4.250000010133116 3.9761906854478166 0.3906537510602481
v 0.2500000101331175 3.9761907418809805 0.3906538879744152
vt 1.5 0
vt 1.75 0
vt 1.75 0
vt 1.5 0
vt 0.5 0
vt 1.5 0
vt 1.5 0
vt 0.5 0
vt 0.25 0
vt 0.5 0
vt 0.5 0
vt 0.25 0
vt -0.75 0
vt 0.25 0
vt 0.25 0
vt -0.75 0
vt 0.25 1
vt 0.5 1
vt 0.5 0
vt 0.25 0
vt 0.5 1
vt 0.75 1
vt 0.75 0
vt 0.5 0
vn 0.9999999999999993 -1.4108291110518083e-8 -3.422854170942694e-8
vn 2.50591718044363e-8 -0.4226182855186041 0.9063077759488303
vn -0.9999999999999993 1.4108291110518083e-8 3.422854170942694e-8
vn -2.50591718044363e-8 0.4226182855186041 -0.9063077759488303
vn 2.7252061513077126e-8 0.9063077759488305 0.4226182855186034
vn -2.7252061513077126e-8 -0.9063077759488305 -0.4226182855186034
usemtl m_983cc2fe-a5c1-a004-1527-c3f12f1d0207
f 164/484/121 167/483/121 165/482/121 162/481/121
f 163/488/122 164/487/122 162/486/122 161/485/122
f 168/492/123 163/491/123 161/490/123 166/489/123
f 167/496/124 168/495/124 166/494/124 165/493/124
f 166/500/125 161/499/125 162/498/125 165/497/125
f 167/504/126 164/503/126 163/502/126 168/501/126
o folhas
v 0.2500001132219727 3.976190644006881 -0.5156538966591466
v 4.2500001132219705 3.976190587573717 -0.5156540335733137
v 0.2500001132219727 3.976190644006881 -0.5156538966591466
v 4.2500001132219705 3.976190587573717 -0.5156540335733137
v 4.250000150205986 4.398808828934938 0.3906537629664418
v 0.2500001502059881 4.398808885368103 0.3906538998806089
v 4.250000150205986 4.398808828934938 0.3906537629664418
v 0.2500001502059881 4.398808885368103 0.3906538998806089
vt 1.5 0
vt 1.75 0
vt 1.75 0
vt 1.5 0
vt 0.5 0
vt 1.5 0
vt 1.5 0
vt 0.5 0
vt 0.25 0
vt 0.5 0
vt 0.5 0
vt 0.25 0
vt -0.75 0
vt 0.25 0
vt 0.25 0
vt -0.75 0
vt 0.25 1
vt 0.5 1
vt 0.5 0
vt 0.25 0
vt 0.5 1
vt 0.75 1
vt 0.75 0
vt 0.5 0
vn 0.9999999999999993 -1.4108291110518084e-8 -3.422854170942694e-8
vn 3.698401542423084e-8 0.42261824136122184 0.9063077965397556
vn -0.9999999999999993 1.4108291110518084e-8 3.422854170942694e-8
vn -3.698401542423084e-8 -0.42261824136122184 -0.9063077965397556
vn -1.6791519696116096e-9 0.9063077965397561 -0.42261824136122195
vn 1.6791519696116096e-9 -0.9063077965397561 0.42261824136122195
usemtl m_983cc2fe-a5c1-a004-1527-c3f12f1d0207
f 172/508/127 175/507/127 173/506/127 170/505/127
f 171/512/128 172/511/128 170/510/128 169/509/128
f 176/516/129 171/515/129 169/514/129 174/513/129
f 175/520/130 176/519/130 174/518/130 173/517/130
f 174/524/131 169/523/131 170/522/131 173/521/131
f 175/528/132 172/527/132 171/526/132 176/525/132
o folhas
v 0.4131087377837772 5.854595273459945 -0.2006620359810074
v 3.256385262844087 5.692805404086538 2.608181612250256
v 0.4131087377837772 5.854595273459945 -0.2006620359810074
v 3.256385262844087 5.692805404086538 2.608181612250256
v 2.623489281661067 6.0916082871152115 3.2718072126383073
v -0.21978724339924205 6.253398156488618 0.462963564407044
v 2.623489281661067 6.0916082871152115 3.2718072126383073
v -0.21978724339924205 6.253398156488618 0.462963564407044
vt 1.5 0
vt 1.75 0
vt 1.75 0
vt 1.5 0
vt 0.5 0
vt 1.5 0
vt 1.5 0
vt 0.5 0
vt 0.25 0
vt 0.5 0
vt 0.5 0
vt 0.25 0
vt -0.75 0
vt 0.25 0
vt 0.25 0
vt -0.75 0
vt 0.25 1
vt 0.5 1
vt 0.5 0
vt 0.25 0
vt 0.5 1
vt 0.75 1
vt 0.75 0
vt 0.5 0
vn 0.7108191312650772 -0.04044746734335182 0.7022109120578157
vn -0.6328959811830192 0.39880288302867334 0.6636256003880514
vn -0.7108191312650772 0.04044746734335182 -0.7022109120578157
vn 0.6328959811830192 -0.39880288302867334 -0.6636256003880514
vn 0.3068857110227589 0.9161442369373543 -0.25787767932981104
vn -0.3068857110227589 -0.9161442369373543 0.25787767932981104
usemtl m_983cc2fe-a5c1-a004-1527-c3f12f1d0207
f 180/532/133 183/531/133 181/530/133 178/529/133
f 179/536/134 180/535/134 178/534/134 177/533/134
f 184/540/135 179/539/135 177/538/135 182/537/135
f 183/544/136 184/543/136 182/542/136 181/541/136
f 182/548/137 177/547/137 178/546/137 181/545/137
f 183/552/138 180/551/138 179/550/138 184/549/138
o folhas
v 0.417613547999533 6.2767276668735 -0.18090736318336323
v 3.2608900730598425 6.114937797500093 2.6279362850479
v 0.417613547999533 6.2767276668735 -0.18090736318336323
v 3.2608900730598425 6.114937797500093 2.6279362850479
v 2.6189842856116847 5.669476144263131 3.252052360418463
v -0.22429223944862464 5.831266013636538 0.44320871218719937
v 2.6189842856116847 5.669476144263131 3.252052360418463
v -0.22429223944862464 5.831266013636538 0.44320871218719937
vt 1.5 0
vt 1.75 0
vt 1.75 0
vt 1.5 0
vt 0.5 0
vt 1.5 0
vt 1.5 0
vt 0.5 0
vt 0.25 0
vt 0.5 0
vt 0.5 0
vt 0.25 0
vt -0.75 0
vt 0.25 0
vt 0.25 0
vt -0.75 0
vt 0.25 1
vt 0.5 1
vt 0.5 0
vt 0.25 0
vt 0.5 1
vt 0.75 1
vt 0.75 0
vt 0.5 0
vn 0.7108191312650772 -0.04044746734335182 0.7022109120578157
vn -0.6419057874481575 -0.44546165323696196 0.6241160753705626
vn -0.7108191312650772 0.04044746734335182 -0.7022109120578157
vn 0.6419057874481575 0.44546165323696196 -0.6241160753705626
vn -0.28756411922929787 0.8943868949626339 0.3426061287411202
vn 0.28756411922929787 -0.8943868949626339 -0.3426061287411202
usemtl m_983cc2fe-a5c1-a004-1527-c3f12f1d0207
f 188/556/139 191/555/139 189/554/139 186/553/139
f 187/560/140 188/559/140 186/558/140 185/557/140
f 192/564/141 187/563/141 185/562/141 190/561/141
f 191/568/142 192/567/142 190/566/142 189/565/142
f 190/572/143 185/571/143 186/570/143 189/569/143
f 191/576/144 188/575/144 187/574/144 192/573/144
o folhas
v 3.3778528033778423 5.891292205981474 -2.8727152792200066
v 0.5646764595119325 5.788327795214246 -0.03098390760364822
v 3.3778528033778423 5.891292205981474 -2.8727152792200066
v 0.5646764595119325 5.788327795214246 -0.03098390760364822
v -0.07503952921904666 6.247117897099965 -0.6476483999928542
v 2.738136814646863 6.350082307867193 -3.4893797716092125
v -0.07503952921904666 6.247117897099965 -0.6476483999928542
v 2.738136814646863 6.350082307867193 -3.4893797716092125
vt 1.5 0
vt 1.75 0
vt 1.75 0
vt 1.5 0
vt 0.5 0
vt 1.5 0
vt 1.5 0
vt 0.5 0
vt 0.25 0
vt 0.5 0
vt 0.5 0
vt 0.25 0
vt -0.75 0
vt 0.25 0
vt 0.25 0
vt -0.75 0
vt 0.25 1
vt 0.5 1
vt 0.5 0
vt 0.25 0
vt 0.5 1
vt 0.75 1
vt 0.75 0
vt 0.5 0
vn 0.7032940859664776 0.025741102691806683 -0.7104328429040895
vn 0.6397159887309795 -0.4587901018857192 0.6166644923892058
vn -0.7032940859664776 -0.025741102691806683 0.7104328429040895
vn -0.6397159887309795 0.4587901018857192 -0.6166644923892058
vn 0.31006593235394686 0.8881717390481987 0.3391313603156987
vn -0.31006593235394686 -0.8881717390481987 -0.3391313603156987
usemtl m_983cc2fe-a5c1-a004-1527-c3f12f1d0207
f 196/580/145 199/579/145 197/578/145 194/577/145
f 195/584/146 196/583/146 194/582/146 193/581/146
f 200/588/147 195/587/147 193/586/147 198/585/147
f 199/592/148 200/591/148 198/590/148 197/589/148
f 198/596/149 193/595/149 194/594/149 197/593/149
f 199/600/150 196/599/150 195/598/150 200/597/150
o folhas
v 3.3823578030873587 6.3134245980026025 -2.852960619880614
v 0.5691814592214488 6.210460187235375 -0.011229248264255476
v 3.3823578030873587 6.3134245980026025 -2.852960619880614
v 0.5691814592214488 6.210460187235375 -0.011229248264255476
v -0.07954433544322614 5.824985751482533 -0.6674032364089497
v 2.7336320084226835 5.9279501622497595 -3.509134608025308
v -0.07954433544322614 5.824985751482533 -0.6674032364089497
v 2.7336320084226835 5.9279501622497595 -3.509134608025308
vt 1.5 0
vt 1.75 0
vt 1.75 0
vt 1.5 0
vt 0.5 0
vt 1.5 0
vt 1.5 0
vt 0.5 0
vt 0.25 0
vt 0.5 0
vt 0.5 0
vt 0.25 0
vt -0.75 0
vt 0.25 0
vt 0.25 0
vt -0.75 0
vt 0.25 1
vt 0.5 1
vt 0.5 0
vt 0.25 0
vt 0.5 1
vt 0.75 1
vt 0.75 0
vt 0.5 0
vn 0.7032940859664776 0.02574110269180671 -0.7104328429040896
vn 0.648725794664675 0.3854744357528431 0.6561739881446944
vn -0.7032940859664776 -0.02574110269180671 0.7104328429040896
vn -0.648725794664675 -0.3854744357528431 -0.6561739881446944
vn -0.2907443412712671 0.9223593957960408 -0.254402973656952
vn 0.2907443412712671 -0.9223593957960408 0.254402973656952
usemtl m_983cc2fe-a5c1-a004-1527-c3f12f1d0207
f 204/604/151 207/603/151 205/602/151 202/601/151
f 203/608/152 204/607/152 202/606/152 201/605/152
f 208/612/153 203/611/153 201/610/153 206/609/153
f 207/616/154 208/615/154 206/614/154 205/613/154
f 206/620/155 201/619/155 202/618/155 205/617/155
f 207/624/156 204/623/156 203/622/156 208/621/156
o folhas
v 0.19600761380029175 5.822470158729211 -0.6801521133511118
v -2.77260019679418 5.894591504228646 -3.36010848956339
v 0.19600761380029175 5.822470158729211 -0.6801521133511118
v -2.77260019679418 5.894591504228646 -3.36010848956339
v -3.382035081327366 6.292450082171798 -2.67432596319583
v -0.4134272707328943 6.220328736672363 0.005630413016448621
v -3.382035081327366 6.292450082171798 -2.67432596319583
v -0.4134272707328943 6.220328736672363 0.005630413016448621
vt 1.5 0
vt 1.75 0
vt 1.75 0
vt 1.5 0
vt 0.5 0
vt 1.5 0
vt 1.5 0
vt 0.5 0
vt 0.25 0
vt 0.5 0
vt 0.5 0
vt 0.25 0
vt -0.75 0
vt 0.25 0
vt 0.25 0
vt -0.75 0
vt 0.25 1
vt 0.5 1
vt 0.5 0
vt 0.25 0
vt 0.5 1
vt 0.75 1
vt 0.75 0
vt 0.5 0
vn -0.742151952648618 0.0180303363748586 -0.6699890940530696
vn 0.6094348845331865 -0.39785857794315294 -0.6857825263675607
vn 0.742151952648618 -0.0180303363748586 0.6699890940530696
vn -0.6094348845331865 0.39785857794315294 0.6857825263675607
vn 0.278925797827783 0.9172695672087141 -0.2842832045318067
vn -0.278925797827783 -0.9172695672087141 0.2842832045318067
usemtl m_983cc2fe-a5c1-a004-1527-c3f12f1d0207
f 212/628/157 215/627/157 213/626/157 210/625/157
f 211/632/158 212/631/158 210/630/158 209/629/158
f 216/636/159 211/635/159 209/634/159 214/633/159
f 215/640/160 216/639/160 214/638/160 213/637/160
f 214/644/161 209/643/161 210/642/161 213/641/161
f 215/648/162 212/647/162 211/646/162 216/645/162
o folhas
v 0.19399364611135755 6.244864912139027 -0.6665537970035964
v -2.774614164483114 6.316986257638462 -3.346510173215875
v 0.19399364611135755 6.244864912139027 -0.6665537970035964
v -2.774614164483114 6.316986257638462 -3.346510173215875
v -3.3800209135620003 5.8700555637917144 -2.6879240945083156
v -0.4114131029675285 5.79793421829228 -0.00796771829603693
v -3.3800209135620003 5.8700555637917144 -2.6879240945083156
v -0.4114131029675285 5.79793421829228 -0.00796771829603693
vt 1.5 0
vt 1.75 0
vt 1.75 0
vt 1.5 0
vt 0.5 0
vt 1.5 0
vt 1.5 0
vt 0.5 0
vt 0.25 0
vt 0.5 0
vt 0.5 0
vt 0.25 0
vt -0.75 0
vt 0.25 0
vt 0.25 0
vt -0.75 0
vt 0.25 1
vt 0.5 1
vt 0.5 0
vt 0.25 0
vt 0.5 1
vt 0.75 1
vt 0.75 0
vt 0.5 0
vn -0.742151952648618 0.018030336374858656 -0.6699890940530696
vn 0.6054067490788861 0.4469306938467472 -0.6585860787075596
vn 0.742151952648618 -0.018030336374858656 0.6699890940530696
vn -0.6054067490788861 -0.4469306938467472 0.6585860787075596
vn -0.2875641621439957 0.8943868636489887 0.34260617446646713
vn 0.2875641621439957 -0.8943868636489887 -0.34260617446646713
usemtl m_983cc2fe-a5c1-a004-1527-c3f12f1d0207
f 220/652/163 223/651/163 221/650/163 218/649/163
f 219/656/164 220/655/164 218/654/164 217/653/164
f 224/660/165 219/659/165 217/658/165 222/657/165
f 223/664/166 224/663/166 222/662/166 221/661/166
f 222/668/167 217/667/167 218/666/167 221/665/167
f 223/672/168 220/671/168 219/670/168 224/669/168
o folhas
v -2.57326808436703 6.176364959343747 3.2108292399477487
v 0.23990825949887967 6.279329370110974 0.3690978683313905
v -2.57326808436703 6.176364959343747 3.2108292399477487
v 0.23990825949887967 6.279329370110974 0.3690978683313905
v -0.4088175351657953 5.8938549343581315 -0.2870761198133038
v -3.221993879031705 5.790890523590904 2.5546552518030547
v -0.4088175351657953 5.8938549343581315 -0.2870761198133038
v -3.221993879031705 5.790890523590904 2.5546552518030547
vt 1.5 0
vt 1.75 0
vt 1.75 0
vt 1.5 0
vt 0.5 0
vt 1.5 0
vt 1.5 0
vt 0.5 0
vt 0.25 0
vt 0.5 0
vt 0.5 0
vt 0.25 0
vt -0.75 0
vt 0.25 0
vt 0.25 0
vt -0.75 0
vt 0.25 1
vt 0.5 1
vt 0.5 0
vt 0.25 0
vt 0.5 1
vt 0.75 1
vt 0.75 0
vt 0.5 0
vn 0.7032940859664776 0.02574110269180671 -0.7104328429040896
vn 0.648725794664675 0.3854744357528431 0.6561739881446944
vn -0.7032940859664776 -0.02574110269180671 0.7104328429040896
vn -0.648725794664675 -0.3854744357528431 -0.6561739881446944
vn -0.2907443412712671 0.9223593957960408 -0.254402973656952
vn 0.2907443412712671 -0.9223593957960408 0.254402973656952
usemtl m_983cc2fe-a5c1-a004-1527-c3f12f1d0207
f 228/676/169 231/675/169 229/674/169 226/673/169
f 227/680/170 228/679/170 226/678/170 225/677/170
f 232/684/171 227/683/171 225/682/171 230/681/171
f 231/688/172 232/687/172 230/686/172 229/685/172
f 230/692/173 225/691/173 226/690/173 229/689/173
f 231/696/174 228/695/174 227/694/174 232/693/174
o folhas
v -2.5777728954383727 5.754232574226919 3.1910743900554186
v 0.23540344842753713 5.857196984994147 0.34934301843906024
v -2.5777728954383727 5.754232574226919 3.1910743900554186
v 0.23540344842753713 5.857196984994147 0.34934301843906024
v -0.404312540303442 6.315987086879866 -0.2673214739501457
v -3.217488884169352 6.213022676112638 2.5744098976662126
v -0.404312540303442 6.315987086879866 -0.2673214739501457
v -3.217488884169352 6.213022676112638 2.5744098976662126
vt 1.5 0
vt 1.75 0
vt 1.75 0
vt 1.5 0
vt 0.5 0
vt 1.5 0
vt 1.5 0
vt 0.5 0
vt 0.25 0
vt 0.5 0
vt 0.5 0
vt 0.25 0
vt -0.75 0
vt 0.25 0
vt 0.25 0
vt -0.75 0
vt 0.25 1
vt 0.5 1
vt 0.5 0
vt 0.25 0
vt 0.5 1
vt 0.75 1
vt 0.75 0
vt 0.5 0
vn 0.7032940859664776 0.025741102691806683 -0.7104328429040895
vn 0.6397159887309795 -0.4587901018857192 0.6166644923892058
vn -0.7032940859664776 -0.025741102691806683 0.7104328429040895
vn -0.6397159887309795 0.4587901018857192 -0.6166644923892058
vn 0.31006593235394686 0.8881717390481987 0.3391313603156987
vn -0.31006593235394686 -0.8881717390481987 -0.3391313603156987
usemtl m_983cc2fe-a5c1-a004-1527-c3f12f1d0207
f 236/700/175 239/699/175 237/698/175 234/697/175
f 235/704/176 236/703/176 234/702/176 233/701/176
f 240/708/177 235/707/177 233/706/177 238/705/177
f 239/712/178 240/711/178 238/710/178 237/709/178
f 238/716/179 233/715/179 234/714/179 237/713/179
f 239/720/180 236/719/180 235/718/180 240/717/180
o Block
v 0.03125 7.736403716801121 1.5211264566038665
v 0.03125 7.688246041946618 1.5609647340842998
v 0.03125 6.461578837427251 -0.01991913874021671
v 0.03125 6.413421162572749 0.01991913874021671
v -0.03125 7.688246041946618 1.5609647340842998
v -0.03125 7.736403716801121 1.5211264566038665
v -0.03125 6.413421162572749 0.01991913874021671
v -0.03125 6.461578837427251 -0.01991913874021671
vt 0 1
vt 0.015625 1
vt 0.015625 0.5
vt 0 0.5
vt 0 1
vt 0.015625 1
vt 0.015625 0.5
vt 0 0.5
vt 0 1
vt 0.015625 1
vt 0.015625 0.5
vt 0 0.5
vt 0 1
vt 0.015625 1
vt 0.015625 0.5
vt 0 0.5
vt 0 1
vt 0.015625 1
vt 0.015625 0.984375
vt 0 0.984375
vt 0 1
vt 0.015625 1
vt 0.015625 0.984375
vt 0 0.984375
vn 0 0.7705227976720416 -0.6374124396869347
vn 1 0 0
vn 0 -0.7705227976720416 0.6374124396869347
vn -1 0 0
vn 0 0.6374124396869347 0.7705227976720416
vn 0 -0.6374124396869347 -0.7705227976720416
usemtl m_983cc2fe-a5c1-a004-1527-c3f12f1d0207
f 244/724/181 247/723/181 245/722/181 242/721/181
f 243/728/182 244/727/182 242/726/182 241/725/182
f 248/732/183 243/731/183 241/730/183 246/729/183
f 247/736/184 248/735/184 246/734/184 245/733/184
f 246/740/185 241/739/185 242/738/185 245/737/185
f 247/744/186 244/743/186 243/742/186 248/741/186
o folhas
v 0.3912384307617125 7.7981236204964155 1.642055347235381
v 0.41939159982502217 6.400628303647494 0.21159589710859505
v 0.3912384307617125 7.7981236204964155 1.642055347235381
v 0.41939159982502217 6.400628303647494 0.21159589710859505
v -0.4193916358593889 6.7817413070453725 -0.17724283832788135
v -0.44754480492269855 8.179236623894294 1.2532166117989045
v -0.4193916358593889 6.7817413070453725 -0.17724283832788135
v -0.44754480492269855 8.179236623894294 1.2532166117989045
vt 1 0
vt 1.25 0
vt 1.25 0
vt 1 0
vt 0.5 0
vt 1 0
vt 1 0
vt 0.5 0
vt 0.25 0
vt 0.5 0
vt 0.5 0
vt 0.25 0
vt -0.25 0
vt 0.25 0
vt 0.25 0
vt -0.25 0
vt 0.25 0.5
vt 0.5 0.5
vt 0.5 0
vt 0.25 0
vt 0.5 0.5
vt 0.75 0.5
vt 0.75 0
vt 0.5 0
vn 0.014076584531654942 -0.6987476584244606 -0.7152297250633928
vn 0.8387832356844112 -0.381113003397879 0.388838735436476
vn -0.014076584531654942 0.6987476584244606 0.7152297250633928
vn -0.8387832356844112 0.381113003397879 -0.388838735436476
vn 0.5442835045293153 0.6053962243748976 -0.5807330524517317
vn -0.5442835045293153 -0.6053962243748976 0.5807330524517317
usemtl m_983cc2fe-a5c1-a004-1527-c3f12f1d0207
f 252/748/187 255/747/187 253/746/187 250/745/187
f 251/752/188 252/751/188 250/750/188 249/749/188
f 256/756/189 251/755/189 249/754/189 254/753/189
f 255/760/190 256/759/190 254/758/190 253/757/190
f 254/764/191 249/763/191 250/762/191 253/761/191
f 255/768/192 252/767/192 251/766/192 256/765/192
o folhas
v 0.4496174083090224 8.098726643447028 1.3495285205976941
v 0.4777705773723321 6.701231326598107 -0.08093092952909187
v 0.4496174083090224 8.098726643447028 1.3495285205976941
v 0.4777705773723321 6.701231326598107 -0.08093092952909187
v -0.4777705773723321 6.48113845412232 0.11528382290963393
v -0.5059237464356418 7.878633770971241 1.54574327303642
v -0.4777705773723321 6.48113845412232 0.11528382290963393
v -0.5059237464356418 7.878633770971241 1.54574327303642
vt 1 0
vt 1.25 0
vt 1.25 0
vt 1 0
vt 0.5 0
vt 1 0
vt 1 0
vt 0.5 0
vt 0.25 0
vt 0.5 0
vt 0.5 0
vt 0.25 0
vt -0.25 0
vt 0.25 0
vt 0.25 0
vt -0.25 0
vt 0.25 0.5
vt 0.5 0.5
vt 0.5 0
vt 0.25 0
vt 0.5 0.5
vt 0.75 0.5
