# Made in Blockbench 4.12.4
mtllib club_holofote.mtl

o handle
v -0.1875 0.5 -0.06249999999999998
v -0.1875 0.5 0.06250000000000003
v -0.1875 0.25 -0.06249999999999998
v -0.1875 0.25 0.06250000000000003
v 0.1875 0.5 0.06249999999999998
v 0.1875 0.5 -0.06250000000000003
v 0.1875 0.25 0.06249999999999998
v 0.1875 0.25 -0.06250000000000003
vt 0.15625 0.859375
vt 0.25 0.859375
vt 0.25 0.828125
vt 0.15625 0.828125
vt 0.125 0.859375
vt 0.15625 0.859375
vt 0.15625 0.828125
vt 0.125 0.828125
vt 0.03125 0.859375
vt 0.125 0.859375
vt 0.125 0.828125
vt 0.03125 0.828125
vt 0 0.859375
vt 0.03125 0.859375
vt 0.03125 0.828125
vt 0 0.828125
vt 0.03125 0.875
vt 0.125 0.875
vt 0.125 0.859375
vt 0.03125 0.859375
vt 0.21875 0.875
vt 0.3125 0.875
vt 0.3125 0.859375
vt 0.21875 0.859375
vn 1.2246467991473532e-16 0 1
vn -1 0 1.2246467991473532e-16
vn -1.2246467991473532e-16 0 -1
vn 1 0 -1.2246467991473532e-16
vn 0 1 0
vn 0 -1 0
usemtl m_0fbc3bbf-62f2-8e2f-7d50-ee9c288a8e9f
f 4/4/1 7/3/1 5/2/1 2/1/1
f 3/8/2 4/7/2 2/6/2 1/5/2
f 8/12/3 3/11/3 1/10/3 6/9/3
f 7/16/4 8/15/4 6/14/4 5/13/4
f 6/20/5 1/19/5 2/18/5 5/17/5
f 7/24/6 4/23/6 3/22/6 8/21/6
o Block
v -0.18750000000000006 0.04350952641916453 -0.45813293868263705
v -0.1875 0.3560095264191645 0.08313293868263716
v -0.18750000000000003 -0.28125 -0.2706329386826371
v -0.18749999999999997 0.031249999999999972 0.2706329386826371
v 0.1875 0.3560095264191645 0.0831329386826371
v 0.18749999999999994 0.04350952641916453 -0.4581329386826371
v 0.18750000000000003 0.031249999999999972 0.2706329386826371
v 0.18749999999999997 -0.28125 -0.2706329386826371
vt 0.40625 0.921875
vt 0.5 0.921875
vt 0.5 0.875
vt 0.40625 0.875
vt 0.25 0.921875
vt 0.40625 0.921875
vt 0.40625 0.875
vt 0.25 0.875
vt 0.15625 0.921875
vt 0.25 0.921875
vt 0.25 0.875
vt 0.15625 0.875
vt 0 0.921875
vt 0.15625 0.921875
vt 0.15625 0.875
vt 0 0.875
vt 0.15625 1
vt 0.25 1
vt 0.25 0.921875
vt 0.15625 0.921875
vt 0.25 1
vt 0.34375 1
vt 0.34375 0.921875
vt 0.25 0.921875
vn 1.0605752387249069e-16 0.49999999999999994 0.8660254037844387
vn -1 0 1.2246467991473532e-16
vn -1.0605752387249069e-16 -0.49999999999999994 -0.8660254037844387
vn 1 0 -1.2246467991473532e-16
vn -6.123233995736765e-17 0.8660254037844387 -0.49999999999999994
vn 6.123233995736765e-17 -0.8660254037844387 0.49999999999999994
usemtl m_0fbc3bbf-62f2-8e2f-7d50-ee9c288a8e9f
f 12/28/7 15/27/7 13/26/7 10/25/7
f 11/32/8 12/31/8 10/30/8 9/29/8
f 16/36/9 11/35/9 9/34/9 14/33/9
f 15/40/10 16/39/10 14/38/10 13/37/10
f 14/44/11 9/43/11 10/42/11 13/41/11
f 15/48/12 12/47/12 11/46/12 16/45/12
o raio
v -0.12500000000000006 -0.12499992429041773 -0.37499986886715697
v -0.12500000000000006 -0.12499992429041773 -0.37499986886715697
v -0.1250000000000006 -2.7812499242904183 -4.975759826471987
v -0.1250000000000006 -2.7812499242904183 -4.975759826471987
v 0.12499999999999996 -0.12499992429041773 -0.37499986886715697
v 0.12499999999999996 -0.12499992429041773 -0.37499986886715697
v 0.12499999999999939 -2.7812499242904183 -4.975759826471987
v 0.12499999999999939 -2.7812499242904183 -4.975759826471987
vt 0.578125 1
vt 0.640625 1
vt 0.640625 0.3359375
vt 0.578125 0.3359375
vt 0.578125 1
vt 0.578125 1
vt 0.578125 0.3359375
vt 0.578125 0.3359375
vt 0.515625 1
vt 0.578125 1
vt 0.578125 0.3359375
vt 0.515625 0.3359375
vt 0.515625 1
vt 0.515625 1
vt 0.515625 0.3359375
vt 0.515625 0.3359375
vt 0.515625 1
vt 0.578125 1
vt 0.578125 1
vt 0.515625 1
vt 0.578125 1
vt 0.640625 1
vt 0.640625 1
vt 0.578125 1
vn 6.123233995736767e-17 -0.8660254037844386 0.5000000000000001
vn -1 0 1.2246467991473532e-16
vn -6.123233995736767e-17 0.8660254037844386 -0.5000000000000001
vn 1 0 -1.2246467991473532e-16
vn 1.0605752387249068e-16 0.5000000000000001 0.8660254037844386
vn -1.0605752387249068e-16 -0.5000000000000001 -0.8660254037844386
usemtl m_0fbc3bbf-62f2-8e2f-7d50-ee9c288a8e9f
f 20/52/13 23/51/13 21/50/13 18/49/13
f 19/56/14 20/55/14 18/54/14 17/53/14
f 24/60/15 19/59/15 17/58/15 22/57/15
f 23/64/16 24/63/16 22/62/16 21/61/16
f 22/68/17 17/67/17 18/66/17 21/65/17
f 23/72/18 20/71/18 19/70/18 24/69/18
o raio
v -2.1816615732828927e-8 -0.23325309976347092 -0.31249986886715797
v -2.1816615732828927e-8 -0.23325309976347092 -0.31249986886715797
v 9.053895495428744e-7 -2.8895030997635707 -4.913259826471836
v 9.053895495428744e-7 -2.8895030997635707 -4.913259826471836
v 2.1816615640980446e-8 -0.016746748817364557 -0.43749986886715597
v 2.1816615640980446e-8 -0.016746748817364557 -0.43749986886715597
v 9.490227809166838e-7 -2.672996748817464 -5.038259826471834
v 9.490227809166838e-7 -2.672996748817464 -5.038259826471834
vt 0.578125 1
vt 0.640625 1
vt 0.640625 0.3359375
vt 0.578125 0.3359375
vt 0.578125 1
vt 0.578125 1
vt 0.578125 0.3359375
vt 0.578125 0.3359375
vt 0.515625 1
vt 0.578125 1
vt 0.578125 0.3359375
vt 0.515625 0.3359375
vt 0.515625 1
vt 0.515625 1
vt 0.515625 0.3359375
vt 0.515625 0.3359375
vt 0.515625 1
vt 0.578125 1
vt 0.578125 1
vt 0.515625 1
vt 0.578125 1
vt 0.640625 1
vt 0.640625 1
vt 0.578125 1
vn 0.9999999999999696 -6.388348466150492e-8 2.3841640979219612e-7
vn -1.745329252731956e-7 -0.8660254037844255 0.4999999999999925
vn -0.9999999999999696 6.388348466150492e-8 -2.3841640979219612e-7
vn 1.745329252731956e-7 0.8660254037844255 -0.4999999999999925
vn -1.7453292545040967e-7 0.5000000000000188 0.8660254037844103
vn 1.7453292545040967e-7 -0.5000000000000188 -0.8660254037844103
usemtl m_0fbc3bbf-62f2-8e2f-7d50-ee9c288a8e9f
f 28/76/19 31/75/19 29/74/19 26/73/19
f 27/80/20 28/79/20 26/78/20 25/77/20
f 32/84/21 27/83/21 25/82/21 30/81/21
f 31/88/22 32/87/22 30/86/22 29/85/22
f 30/92/23 25/91/23 26/90/23 29/89/23
f 31/96/24 28/95/24 27/94/24 32/93/24