# Made in Blockbench 4.12.4
mtllib coqueiro.mtl

o tronco1
v 0.25 0.4168610810287894 1.643452225524163
v 0.25 0.7854997494338516 1.3056571217163329
v 0.25 -0.934319334202531 0.16889755190391506
v 0.25 -0.565680665797469 -0.16889755190391506
v -0.25 0.7854997494338516 1.3056571217163329
v -0.25 0.4168610810287894 1.643452225524163
v -0.25 -0.565680665797469 -0.16889755190391506
v -0.25 -0.934319334202531 0.16889755190391506
vt 0 1
vt 0.125 1
vt 0.125 0.75
vt 0 0.75
vt 0 1
vt 0.125 1
vt 0.125 0.75
vt 0 0.75
vt 0 1
vt 0.125 1
vt 0.125 0.75
vt 0 0.75
vt 0 1
vt 0.125 1
vt 0.125 0.75
vt 0 0.75
vt 0 1
vt 0.125 1
vt 0.125 0.9375
vt 0 0.9375
vt 0 1
vt 0.125 1
vt 0.125 0.9375
vt 0 0.9375
vn 0 0.7372773368101241 -0.6755902076156604
vn 1 0 0
vn 0 -0.7372773368101241 0.6755902076156604
vn -1 0 0
vn 0 0.6755902076156604 0.7372773368101241
vn 0 -0.6755902076156604 -0.7372773368101241
usemtl m_a88e312f-6483-c966-cca2-c43494a202bc
f 4/4/1 7/3/1 5/2/1 2/1/1
f 3/8/2 4/7/2 2/6/2 1/5/2
f 8/12/3 3/11/3 1/10/3 6/9/3
f 7/16/4 8/15/4 6/14/4 5/13/4
f 6/20/5 1/19/5 2/18/5 5/17/5
f 7/24/6 4/23/6 3/22/6 8/21/6
o tronco2
v 0.1875 1.8985701057627002 3.1679421782696977
v 0.1875 2.1750491070664966 2.914595850413825
v 0.1875 0.4629409145794222 1.6012278375481843
v 0.1875 0.7394199158832188 1.3478815096923116
v -0.1875 2.1750491070664966 2.914595850413825
v -0.1875 1.8985701057627002 3.1679421782696977
v -0.1875 0.7394199158832188 1.3478815096923116
v -0.1875 0.4629409145794222 1.6012278375481843
vt 0 1
vt 0.09375 1
vt 0.09375 0.734375
vt 0 0.734375
vt 0 1
vt 0.09375 1
vt 0.09375 0.734375
vt 0 0.734375
vt 0 1
vt 0.09375 1
vt 0.09375 0.734375
vt 0 0.734375
vt 0 1
vt 0.09375 1
vt 0.09375 0.734375
vt 0 0.734375
vt 0 1
vt 0.09375 1
vt 0.09375 0.953125
vt 0 0.953125
vt 0 1
vt 0.09375 1
vt 0.09375 0.953125
vt 0 0.953125
vn 0 0.7372773368101241 -0.6755902076156604
vn 1 0 0
vn 0 -0.7372773368101241 0.6755902076156604
vn -1 0 0
vn 0 0.6755902076156604 0.7372773368101241
vn 0 -0.6755902076156604 -0.7372773368101241
usemtl m_a88e312f-6483-c966-cca2-c43494a202bc
f 12/28/7 15/27/7 13/26/7 10/25/7
f 11/32/8 12/31/8 10/30/8 9/29/8
f 16/36/9 11/35/9 9/34/9 14/33/9
f 15/40/10 16/39/10 14/38/10 13/37/10
f 14/44/11 9/43/11 10/42/11 13/41/11
f 15/48/12 12/47/12 11/46/12 16/45/12
o tronco3
v 0.15625 2.9772197219374856 4.298825823047527
v 0.15625 3.2076188896906492 4.087703883167633
v 0.15625 1.9216100225380166 3.1468299842817085
v 0.15625 2.15200919029118 2.935708044401814
v -0.15625 3.2076188896906492 4.087703883167633
v -0.15625 2.9772197219374856 4.298825823047527
v -0.15625 2.15200919029118 2.935708044401814
v -0.15625 1.9216100225380166 3.1468299842817085
vt 0 1
vt 0.078125 1
vt 0.078125 0.8046875
vt 0 0.8046875
vt 0 1
vt 0.078125 1
vt 0.078125 0.8046875
vt 0 0.8046875
vt 0 1
vt 0.078125 1
vt 0.078125 0.8046875
vt 0 0.8046875
vt 0 1
vt 0.078125 1
vt 0.078125 0.8046875
vt 0 0.8046875
vt 0 1
vt 0.078125 1
vt 0.078125 0.9609375
vt 0 0.9609375
vt 0 1
vt 0.078125 1
vt 0.078125 0.9609375
vt 0 0.9609375
vn 0 0.7372773368101241 -0.6755902076156604
vn 1 0 0
vn 0 -0.7372773368101241 0.6755902076156604
vn -1 0 0
vn 0 0.6755902076156604 0.7372773368101241
vn 0 -0.6755902076156604 -0.7372773368101241
usemtl m_a88e312f-6483-c966-cca2-c43494a202bc
f 20/52/13 23/51/13 21/50/13 18/49/13
f 19/56/14 20/55/14 18/54/14 17/53/14
f 24/60/15 19/59/15 17/58/15 22/57/15
f 23/64/16 24/63/16 22/62/16 21/61/16
f 22/68/17 17/67/17 18/66/17 21/65/17
f 23/72/18 20/71/18 19/70/18 24/69/18
o coco
v 0.625 2.4014073158997915 3.809204402403902
v 0.625 2.7700459843048537 3.471409298596072
v 0.625 2.0636122120919613 3.44056573399884
v 0.625 2.4322508804970235 3.1027706301910096
v 0.125 2.7700459843048537 3.471409298596072
v 0.125 2.4014073158997915 3.809204402403902
v 0.125 2.4322508804970235 3.1027706301910096
v 0.125 2.0636122120919613 3.44056573399884
vt 0.125 0.9375
vt 0.25 0.9375
vt 0.25 0.875
vt 0.125 0.875
vt 0.125 0.9375
vt 0.25 0.9375
vt 0.25 0.875
vt 0.125 0.875
vt 0.125 0.9375
vt 0.25 0.9375
vt 0.25 0.875
vt 0.125 0.875
vt 0.125 0.9375
vt 0.25 0.9375
vt 0.25 0.875
vt 0.125 0.875
vt 0.125 0.9375
vt 0.25 0.9375
vt 0.25 0.875
vt 0.125 0.875
vt 0.125 0.9375
vt 0.25 0.9375
vt 0.25 0.875
vt 0.125 0.875
vn 0 0.7372773368101241 -0.6755902076156604
vn 1 0 0
vn 0 -0.7372773368101241 0.6755902076156604
vn -1 0 0
vn 0 0.6755902076156604 0.7372773368101241
vn 0 -0.6755902076156604 -0.7372773368101241
usemtl m_a88e312f-6483-c966-cca2-c43494a202bc
f 28/76/19 31/75/19 29/74/19 26/73/19
f 27/80/20 28/79/20 26/78/20 25/77/20
f 32/84/21 27/83/21 25/82/21 30/81/21
f 31/88/22 32/87/22 30/86/22 29/85/22
f 30/92/23 25/91/23 26/90/23 29/89/23
f 31/96/24 28/95/24 27/94/24 32/93/24
o coco
v -0.1875 2.232509763995876 3.624885068201371
v -0.1875 2.6011484324009384 3.287089964393541
v -0.1875 1.894714660188046 3.256246399796309
v -0.1875 2.2633533285931082 2.9184512959884787
v -0.6875 2.6011484324009384 3.287089964393541
v -0.6875 2.232509763995876 3.624885068201371
v -0.6875 2.2633533285931082 2.9184512959884787
v -0.6875 1.894714660188046 3.256246399796309
vt 0.125 0.9375
vt 0.25 0.9375
vt 0.25 0.875
vt 0.125 0.875
vt 0.125 0.9375
vt 0.25 0.9375
vt 0.25 0.875
vt 0.125 0.875
vt 0.125 0.9375
vt 0.25 0.9375
vt 0.25 0.875
vt 0.125 0.875
vt 0.125 0.9375
vt 0.25 0.9375
vt 0.25 0.875
vt 0.125 0.875
vt 0.125 0.9375
vt 0.25 0.9375
vt 0.25 0.875
vt 0.125 0.875
vt 0.125 0.9375
vt 0.25 0.9375
vt 0.25 0.875
vt 0.125 0.875
vn 0 0.7372773368101241 -0.6755902076156604
vn 1 0 0
vn 0 -0.7372773368101241 0.6755902076156604
vn -1 0 0
vn 0 0.6755902076156604 0.7372773368101241
vn 0 -0.6755902076156604 -0.7372773368101241
usemtl m_a88e312f-6483-c966-cca2-c43494a202bc
f 36/100/25 39/99/25 37/98/25 34/97/25
f 35/104/26 36/103/26 34/102/26 33/101/26
f 40/108/27 35/107/27 33/106/27 38/105/27
f 39/112/28 40/111/28 38/110/28 37/109/28
f 38/116/29 33/115/29 34/114/29 37/113/29
f 39/120/30 36/119/30 35/118/30 40/117/30
o coco
v 0.25 3.019536866586072 3.8361925214264803
v 0.25 3.388175534991134 3.49839741761865
v 0.25 2.6817417627782416 3.467553853021418
v 0.25 3.050380431183304 3.129758749213588
v -0.25 3.388175534991134 3.49839741761865
v -0.25 3.019536866586072 3.8361925214264803
v -0.25 3.050380431183304 3.129758749213588
v -0.25 2.6817417627782416 3.467553853021418
vt 0.125 0.9375
vt 0.25 0.9375
vt 0.25 0.875
vt 0.125 0.875
vt 0.125 0.9375
vt 0.25 0.9375
vt 0.25 0.875
vt 0.125 0.875
vt 0.125 0.9375
vt 0.25 0.9375
vt 0.25 0.875
vt 0.125 0.875
vt 0.125 0.9375
vt 0.25 0.9375
vt 0.25 0.875
vt 0.125 0.875
vt 0.125 0.9375
vt 0.25 0.9375
vt 0.25 0.875
vt 0.125 0.875
vt 0.125 0.9375
vt 0.25 0.9375
vt 0.25 0.875
vt 0.125 0.875
vn 0 0.7372773368101241 -0.6755902076156604
vn 1 0 0
vn 0 -0.7372773368101241 0.6755902076156604
vn -1 0 0
vn 0 0.6755902076156604 0.7372773368101241
vn 0 -0.6755902076156604 -0.7372773368101241
usemtl m_a88e312f-6483-c966-cca2-c43494a202bc
f 44/124/31 47/123/31 45/122/31 42/121/31
f 43/128/32 44/127/32 42/126/32 41/125/32
f 48/132/33 43/131/33 41/130/33 46/129/33
f 47/136/34 48/135/34 46/134/34 45/133/34
f 46/140/35 41/139/35 42/138/35 45/137/35
f 47/144/36 44/143/36 43/142/36 48/141/36
o coco
v 0.25 2.585541136757107 4.657733120843346
v 0.25 2.9541798051621693 4.319938017035517
v 0.25 2.247746032949277 4.289094452438285
v 0.25 2.616384701354339 3.9512993486304544
v -0.25 2.9541798051621693 4.319938017035517
v -0.25 2.585541136757107 4.657733120843346
v -0.25 2.616384701354339 3.9512993486304544
v -0.25 2.247746032949277 4.289094452438285
vt 0.125 0.9375
vt 0.25 0.9375
vt 0.25 0.875
vt 0.125 0.875
vt 0.125 0.9375
vt 0.25 0.9375
vt 0.25 0.875
vt 0.125 0.875
vt 0.125 0.9375
vt 0.25 0.9375
vt 0.25 0.875
vt 0.125 0.875
vt 0.125 0.9375
vt 0.25 0.9375
vt 0.25 0.875
vt 0.125 0.875
vt 0.125 0.9375
vt 0.25 0.9375
vt 0.25 0.875
vt 0.125 0.875
vt 0.125 0.9375
vt 0.25 0.9375
vt 0.25 0.875
vt 0.125 0.875
vn 0 0.7372773368101241 -0.6755902076156604
vn 1 0 0
vn 0 -0.7372773368101241 0.6755902076156604
vn -1 0 0
vn 0 0.6755902076156604 0.7372773368101241
vn 0 -0.6755902076156604 -0.7372773368101241
usemtl m_a88e312f-6483-c966-cca2-c43494a202bc
f 52/148/37 55/147/37 53/146/37 50/145/37
f 51/152/38 52/151/38 50/150/38 49/149/38
f 56/156/39 51/155/39 49/154/39 54/153/39
f 55/160/40 56/159/40 54/158/40 53/157/40
f 54/164/41 49/163/41 50/162/41 53/161/41
f 55/168/42 52/167/42 51/166/42 56/165/42
o leaf1
v 1.091924122410289 2.1034490493002407 4.909181424646273
v 1.091924122410289 2.1034490493002407 4.909181424646273
v 0.8985022947317657 2.6952199516341855 3.753737161287643
v 0.8985022947317657 2.6952199516341855 3.753737161287643
v 0.23533326040748118 2.593120385310431 5.303364539230449
v 0.23533326040748118 2.593120385310431 5.303364539230449
v 0.041911432728957886 3.1848912876443762 4.147920275871819
v 0.041911432728957886 3.1848912876443762 4.147920275871819
vt 0.375 0.2109375
vt 0.640625 0.2109375
vt 0.640625 0.046875
vt 0.375 0.046875
vt 0.375 0.2109375
vt 0.375 0.2109375
vt 0.375 0.046875
vt 0.375 0.046875
vt 0.109375 0.2109375
vt 0.375 0.2109375
vt 0.375 0.046875
vt 0.109375 0.046875
vt 0.109375 0.2109375
vt 0.109375 0.2109375
vt 0.109375 0.046875
vt 0.109375 0.046875
vt 0.109375 0.2109375
vt 0.375 0.2109375
vt 0.375 0.2109375
vt 0.109375 0.2109375
vt 0.375 0.2109375
vt 0.640625 0.2109375
vt 0.640625 0.2109375
vt 0.375 0.2109375
vn 0.5729911276828065 0.7644049683429128 0.2955777595988175
vn 0.8062031642379368 -0.46086713977429694 -0.37099587254981276
vn -0.5729911276828065 -0.7644049683429128 -0.2955777595988175
vn -0.8062031642379368 0.46086713977429694 0.37099587254981276
vn 0.1473690115645892 -0.4508730684449108 0.8803384863684802
vn -0.1473690115645892 0.4508730684449108 -0.8803384863684802
usemtl m_a88e312f-6483-c966-cca2-c43494a202bc
f 60/172/43 63/171/43 61/170/43 58/169/43
f 59/176/44 60/175/44 58/174/44 57/173/44
f 64/180/45 59/179/45 57/178/45 62/177/45
f 63/184/46 64/183/46 62/182/46 61/181/46
f 62/188/47 57/187/47 58/186/47 61/185/47
f 63/192/48 60/191/48 59/190/48 64/189/48
o leaf1
v 0.23395590281338768 2.6268686473910066 5.3208795775309685
v 0.23395590281338768 2.6268686473910066 5.3208795775309685
v 0.040534075134864386 3.218639549724952 4.165435314172338
v 0.040534075134864386 3.218639549724952 4.165435314172338
v -0.5758048009902411 1.9690990726616215 5.119551389897502
v -0.5758048009902411 1.9690990726616215 5.119551389897502
v -0.7692266286687645 2.560869974995567 3.964107126538872
v -0.7692266286687645 2.560869974995567 3.964107126538872
vt 0.640625 0.2109375
vt 0.90625 0.2109375
vt 0.90625 0.046875
vt 0.640625 0.046875
vt 0.640625 0.2109375
vt 0.640625 0.2109375
vt 0.640625 0.046875
vt 0.640625 0.046875
vt 0.375 0.2109375
vt 0.640625 0.2109375
vt 0.640625 0.046875
vt 0.375 0.046875
vt 0.375 0.2109375
vt 0.375 0.2109375
vt 0.375 0.046875
vt 0.375 0.046875
vt 0.375 0.2109375
vt 0.640625 0.2109375
vt 0.640625 0.2109375
vt 0.375 0.2109375
vt 0.640625 0.2109375
vt 0.90625 0.2109375
vt 0.90625 0.2109375
vt 0.640625 0.2109375
vn -0.6304313689593026 0.6430060953369673 0.4348556661601716
vn 0.7621277212269446 0.6190772468041268 0.18948535306679162
vn 0.6304313689593026 -0.6430060953369673 -0.4348556661601716
vn -0.7621277212269446 -0.6190772468041268 -0.18948535306679162
vn 0.14736901156458918 -0.4508730684449109 0.8803384863684802
vn -0.14736901156458918 0.4508730684449109 -0.8803384863684802
usemtl m_a88e312f-6483-c966-cca2-c43494a202bc
f 68/196/49 71/195/49 69/194/49 66/193/49
f 67/200/50 68/199/50 66/198/50 65/197/50
f 72/204/51 67/203/51 65/202/51 70/201/51
f 71/208/52 72/207/52 70/206/52 69/205/52
f 70/212/53 65/211/53 66/210/53 69/209/53
f 71/216/54 68/215/54 67/214/54 72/213/54
o leaf2
v 1.1112456500701031 1.5556103374669807 5.63171759486065
v 1.1112456500701031 1.5556103374669807 5.63171759486065
v 1.088913961416976 2.0800769330076663 4.931673963474817
v 1.088913961416976 2.0800769330076663 4.931673963474817
v 0.25465478806729525 2.045281673477171 6.025900709444826
v 0.25465478806729525 2.045281673477171 6.025900709444826
v 0.23232309941416826 2.569748269017857 5.325857078058994
v 0.23232309941416826 2.569748269017857 5.325857078058994
vt 0.375 0.328125
vt 0.640625 0.328125
vt 0.640625 0.21875
vt 0.375 0.21875
vt 0.375 0.328125
vt 0.375 0.328125
vt 0.375 0.21875
vt 0.375 0.21875
vt 0.109375 0.328125
vt 0.375 0.328125
vt 0.375 0.21875
vt 0.109375 0.21875
vt 0.109375 0.328125
vt 0.109375 0.328125
vt 0.109375 0.21875
vt 0.109375 0.21875
vt 0.109375 0.328125
vt 0.375 0.328125
vt 0.375 0.328125
vt 0.109375 0.328125
vt 0.375 0.328125
vt 0.640625 0.328125
vt 0.640625 0.328125
vt 0.375 0.328125
vn 0.5910880552569682 0.6544712629088586 0.4714682141555455
vn 0.8062031642379368 -0.4608671397742969 -0.37099587254981276
vn -0.5910880552569682 -0.6544712629088586 -0.4714682141555455
vn -0.8062031642379368 0.4608671397742969 0.37099587254981276
vn 0.025521929889288003 -0.5993903949036407 0.8000498644409508
vn -0.025521929889288003 0.5993903949036407 -0.8000498644409508
usemtl m_a88e312f-6483-c966-cca2-c43494a202bc
f 76/220/55 79/219/55 77/218/55 74/217/55
f 75/224/56 76/223/56 74/222/56 73/221/56
f 80/228/57 75/227/57 73/226/57 78/225/57
f 79/232/58 80/231/58 78/230/58 77/229/58
f 78/236/59 73/235/59 74/234/59 77/233/59
f 79/240/60 76/239/60 75/238/60 80/237/60
o leaf3
v 0.253823689513117 2.0757115667275334 6.048725033006209
v 0.253823689513117 2.0757115667275334 6.048725033006209
v 0.23149200085999005 2.600178162268219 5.348681401620376
v 0.23149200085999005 2.600178162268219 5.348681401620376
v -0.5745098216476313 1.5307665322254207 5.666881146503363
v -0.5745098216476313 1.5307665322254207 5.666881146503363
v -0.5968415103007584 2.0552331277661064 4.966837515117531
v -0.5968415103007584 2.0552331277661064 4.966837515117531
vt 0.640625 0.328125
vt 0.90625 0.328125
vt 0.90625 0.21875
vt 0.640625 0.21875
vt 0.640625 0.328125
vt 0.640625 0.328125
vt 0.640625 0.21875
vt 0.640625 0.21875
vt 0.375 0.328125
vt 0.640625 0.328125
vt 0.640625 0.21875
vt 0.375 0.21875
vt 0.375 0.328125
vt 0.375 0.328125
vt 0.375 0.21875
vt 0.375 0.21875
vt 0.375 0.328125
vt 0.640625 0.328125
vt 0.640625 0.328125
vt 0.375 0.328125
vt 0.640625 0.328125
vt 0.90625 0.328125
vt 0.90625 0.328125
vt 0.640625 0.328125
vn -0.6257475377916855 0.6145531486268939 0.4803794817229542
vn 0.7796080105042338 0.5128894442372824 0.35938248141444246
vn 0.6257475377916855 -0.6145531486268939 -0.4803794817229542
vn -0.7796080105042338 -0.5128894442372824 -0.35938248141444246
vn 0.025521929889288038 -0.5993903949036409 0.800049864440951
vn -0.025521929889288038 0.5993903949036409 -0.800049864440951
usemtl m_a88e312f-6483-c966-cca2-c43494a202bc
f 84/244/61 87/243/61 85/242/61 82/241/61
f 83/248/62 84/247/62 82/246/62 81/245/62
f 88/252/63 83/251/63 81/250/63 86/249/63
f 87/256/64 88/255/64 86/254/64 85/253/64
f 86/260/65 81/259/65 82/258/65 85/257/65
f 87/264/66 84/263/66 83/262/66 88/261/66
o leaf3
v 0.8854879615334068 0.546700700819047 6.394439653568561
v 0.8854879615334068 0.546700700819047 6.394439653568561
v 1.1044374894547273 1.568737953337111 5.600615234261396
v 1.1044374894547273 1.568737953337111 5.600615234261396
v 0.028897099530598935 1.0363720368292373 6.788622768152738
v 0.028897099530598935 1.0363720368292373 6.788622768152738
v 0.24784662745191946 2.0584092893473014 5.994798348845573
v 0.24784662745191946 2.0584092893473014 5.994798348845573
vt 0.375 0.5
vt 0.640625 0.5
vt 0.640625 0.3359375
vt 0.375 0.3359375
vt 0.375 0.5
vt 0.375 0.5
vt 0.375 0.3359375
vt 0.375 0.3359375
vt 0.109375 0.5
vt 0.375 0.5
vt 0.375 0.3359375
vt 0.109375 0.3359375
vt 0.109375 0.5
vt 0.109375 0.5
vt 0.109375 0.3359375
vt 0.109375 0.3359375
vt 0.109375 0.5
vt 0.375 0.5
vt 0.375 0.5
vt 0.109375 0.5
vt 0.375 0.5
vt 0.640625 0.5
vt 0.640625 0.5
vt 0.375 0.5
vn 0.5676336700079526 0.4257176286013251 0.7046676644854417
vn 0.8062031642379368 -0.46086713977429705 -0.3709958725498128
vn -0.5676336700079526 -0.4257176286013251 -0.7046676644854417
vn -0.8062031642379368 0.46086713977429705 0.3709958725498128
vn -0.16681868794005375 -0.778695049537573 0.6048186051864113
vn 0.16681868794005375 0.778695049537573 -0.6048186051864113
usemtl m_a88e312f-6483-c966-cca2-c43494a202bc
f 92/268/67 95/267/67 93/266/67 90/265/67
f 91/272/68 92/271/68 90/270/68 89/269/68
f 96/276/69 91/275/69 89/274/69 94/273/69
f 95/280/70 96/279/70 94/278/70 93/277/70
f 94/284/71 89/283/71 90/282/71 93/281/71
f 95/288/72 92/287/72 91/286/72 96/285/72
o leaf3
v 0.027358026105248498 1.059896960153523 6.818486259402887
v 0.027358026105248498 1.059896960153523 6.818486259402887
v 0.246307554026569 2.0819342126715874 6.024661840095723
v 0.246307554026569 2.0819342126715874 6.024661840095723
v -0.7769043394356439 0.7497209031380018 6.19731067148199
v -0.7769043394356439 0.7497209031380018 6.19731067148199
v -0.5579548115143234 1.771758155656066 5.403486252174825
v -0.5579548115143234 1.771758155656066 5.403486252174825
vt 0.640625 0.5
vt 0.90625 0.5
vt 0.90625 0.3359375
vt 0.640625 0.3359375
vt 0.640625 0.5
vt 0.640625 0.5
vt 0.640625 0.3359375
vt 0.640625 0.3359375
vt 0.375 0.5
vt 0.640625 0.5
vt 0.640625 0.3359375
vt 0.375 0.3359375
vt 0.375 0.5
vt 0.375 0.5
vt 0.375 0.3359375
vt 0.375 0.3359375
vt 0.375 0.5
vt 0.640625 0.5
vt 0.640625 0.5
vt 0.375 0.5
vt 0.640625 0.5
vt 0.90625 0.5
vt 0.90625 0.5
vt 0.640625 0.5
vn -0.6318179815284162 0.5553473305296204 0.5407359620840678
vn 0.7569528146267224 0.29193040660284375 0.584635847454962
vn 0.6318179815284162 -0.5553473305296204 -0.5407359620840678
vn -0.7569528146267224 -0.29193040660284375 -0.584635847454962
vn -0.16681868794005375 -0.778695049537573 0.6048186051864114
vn 0.16681868794005375 0.778695049537573 -0.6048186051864114
usemtl m_a88e312f-6483-c966-cca2-c43494a202bc
f 100/292/73 103/291/73 101/290/73 98/289/73
f 99/296/74 100/295/74 98/294/74 97/293/74
f 104/300/75 99/299/75 97/298/75 102/297/75
f 103/304/76 104/303/76 102/302/76 101/301/76
f 102/308/77 97/307/77 98/306/77 101/305/77
f 103/312/78 100/311/78 99/310/78 104/309/78
o leaf4
v 0.2838621792153852 -0.5821335399626395 6.714005358159342
v 0.2838621792153852 -0.5821335399626395 6.714005358159342
v 0.8109562048368264 0.5817360700340968 6.413612833152097
v 0.8109562048368264 0.5817360700340968 6.413612833152097
v -0.5727286827874225 -0.0924622039524492 7.108188472743518
v -0.5727286827874225 -0.0924622039524492 7.108188472743518
v -0.04563465716598151 1.0714074060442873 6.807795947736273
v -0.04563465716598151 1.0714074060442873 6.807795947736273
vt 0.375 0.6640625
vt 0.640625 0.6640625
vt 0.640625 0.5
vt 0.375 0.5
vt 0.375 0.6640625
vt 0.375 0.6640625
vt 0.375 0.5
vt 0.375 0.5
vt 0.109375 0.6640625
vt 0.375 0.6640625
vt 0.375 0.5
vt 0.109375 0.5
vt 0.109375 0.6640625
vt 0.109375 0.6640625
vt 0.109375 0.5
vt 0.109375 0.5
vt 0.109375 0.6640625
vt 0.375 0.6640625
vt 0.375 0.6640625
vt 0.109375 0.6640625
vt 0.375 0.6640625
vt 0.640625 0.6640625
vt 0.640625 0.6640625
vt 0.375 0.6640625
vn 0.43446237356542294 0.035525863788986485 0.8999890882438217
vn 0.8062031642379369 -0.46086713977429705 -0.3709958725498128
vn -0.43446237356542294 -0.035525863788986485 -0.8999890882438217
vn -0.8062031642379369 0.46086713977429705 0.3709958725498128
vn -0.4015954480925266 -0.8867577980927516 0.22887049524361533
vn 0.4015954480925266 0.8867577980927516 -0.22887049524361533
usemtl m_a88e312f-6483-c966-cca2-c43494a202bc
f 108/316/79 111/315/79 109/314/79 106/313/79
f 107/320/80 108/319/80 106/318/80 105/317/80
f 112/324/81 107/323/81 105/322/81 110/321/81
f 111/328/82 112/327/82 110/326/82 109/325/82
f 110/332/83 105/331/83 106/330/83 109/329/83
f 111/336/84 108/335/84 107/334/84 112/333/84
o leaf3
v -0.42712446264608916 -0.16712787850097788 7.074386050479753
v -0.42712446264608916 -0.16712787850097788 7.074386050479753
v 0.099969562975352 0.9967417314957584 6.773993525472508
v 0.099969562975352 0.9967417314957584 6.773993525472508
v -1.0947136374373874 -0.07685162390194927 6.25275283452689
v -1.0947136374373874 -0.07685162390194927 6.25275283452689
v -0.5676196118159462 1.087017986094787 5.952360309519645
v -0.5676196118159462 1.087017986094787 5.952360309519645
vt 0.640625 0.6640625
vt 0.90625 0.6640625
vt 0.90625 0.5
vt 0.640625 0.5
vt 0.640625 0.6640625
vt 0.640625 0.6640625
vt 0.640625 0.5
vt 0.640625 0.5
vt 0.375 0.6640625
vt 0.640625 0.6640625
vt 0.640625 0.5
vt 0.375 0.5
vt 0.375 0.6640625
vt 0.375 0.6640625
vt 0.375 0.5
vt 0.375 0.5
vt 0.375 0.6640625
vt 0.640625 0.6640625
vt 0.640625 0.6640625
vt 0.375 0.6640625
vt 0.640625 0.6640625
vt 0.90625 0.6640625
vt 0.90625 0.6640625
vt 0.640625 0.6640625
vn -0.6662852614770909 0.45435823490075755 0.5912888843165182
vn 0.6283192233329866 -0.0849658866814386 0.7733018503085776
vn 0.6662852614770909 -0.45435823490075755 -0.5912888843165182
vn -0.6283192233329866 0.0849658866814386 -0.7733018503085776
vn -0.4015954480925266 -0.8867577980927516 0.22887049524361536
vn 0.4015954480925266 0.8867577980927516 -0.22887049524361536
usemtl m_a88e312f-6483-c966-cca2-c43494a202bc
f 116/340/85 119/339/85 117/338/85 114/337/85
f 115/344/86 116/343/86 114/342/86 113/341/86
f 120/348/87 115/347/87 113/346/87 118/345/87
f 119/352/88 120/351/88 118/350/88 117/349/88
f 118/356/89 113/355/89 114/354/89 117/353/89
f 119/360/90 116/359/90 115/358/90 120/357/90
o leaf1
v 1.09192397391673 3.891806381915001 3.270454049307615
v 1.09192397391673 3.891806381915001 3.270454049307615
v 0.8985025590486184 2.689182699166976 3.759269642311762
v 0.8985025590486184 2.689182699166976 3.759269642311762
v 0.23533305257215542 4.241811641618622 3.792617396977531
v 0.23533305257215542 4.241811641618622 3.792617396977531
v 0.04191163770404395 3.0391879588705972 4.2814329899816785
v 0.04191163770404395 3.0391879588705972 4.2814329899816785
vt 0.375 0.2109375
vt 0.640625 0.2109375
vt 0.640625 0.046875
vt 0.375 0.046875
vt 0.375 0.2109375
vt 0.375 0.2109375
vt 0.375 0.046875
vt 0.375 0.046875
vt 0.109375 0.2109375
vt 0.375 0.2109375
vt 0.375 0.046875
vt 0.109375 0.046875
vt 0.109375 0.2109375
vt 0.109375 0.2109375
vt 0.109375 0.046875
vt 0.109375 0.046875
vt 0.109375 0.2109375
vt 0.375 0.2109375
vt 0.375 0.2109375
vt 0.109375 0.2109375
vt 0.375 0.2109375
vt 0.640625 0.2109375
vt 0.640625 0.2109375
vt 0.375 0.2109375
vn -0.5729911299925532 -0.22783098312098238 -0.7872573963323455
vn 0.8062032200890114 -0.32941671501517283 -0.4914478566305094
vn 0.5729911299925532 0.22783098312098238 0.7872573963323455
vn -0.8062032200890114 0.32941671501517283 0.4914478566305094
vn 0.1473686970423707 0.9162847106651617 -0.3724309280031598
vn -0.1473686970423707 -0.9162847106651617 0.3724309280031598
usemtl m_a88e312f-6483-c966-cca2-c43494a202bc
f 124/364/91 127/363/91 125/362/91 122/361/91
f 123/368/92 124/367/92 122/366/92 121/365/92
f 128/372/93 123/371/93 121/370/93 126/369/93
f 127/376/94 128/375/94 126/374/94 125/373/94
f 126/380/95 121/379/95 122/378/95 125/377/95
f 127/384/96 124/383/96 123/382/96 128/381/96
o leaf1
v 0.23395569375416492 4.25631867881679 3.827763771306718
v 0.23395569375416492 4.25631867881679 3.827763771306718
v 0.04053427888605346 3.0536949960687654 4.316579364310865
v 0.04053427888605346 3.0536949960687654 4.316579364310865
v -0.5758050277787328 4.11308467378268 3.1549503917842765
v -0.5758050277787328 4.11308467378268 3.1549503917842765
v -0.7692264426468443 2.9104609910346557 3.643765984788424
v -0.7692264426468443 2.9104609910346557 3.643765984788424
vt 0.640625 0.2109375
vt 0.90625 0.2109375
vt 0.90625 0.046875
vt 0.640625 0.046875
vt 0.640625 0.2109375
vt 0.640625 0.2109375
vt 0.640625 0.046875
vt 0.640625 0.046875
vt 0.375 0.2109375
vt 0.640625 0.2109375
vt 0.640625 0.046875
vt 0.375 0.046875
vt 0.375 0.2109375
vt 0.375 0.2109375
vt 0.375 0.046875
vt 0.375 0.046875
vt 0.375 0.2109375
vt 0.640625 0.2109375
vt 0.640625 0.2109375
vt 0.375 0.2109375
vt 0.640625 0.2109375
vt 0.90625 0.2109375
vt 0.90625 0.2109375
vt 0.640625 0.2109375
vn 0.6304314223094899 -0.3771591228930839 -0.6784594444647029
vn 0.7621277379133156 0.1348084753262215 0.6332361219034747
vn -0.6304314223094899 0.3771591228930839 0.6784594444647029
vn -0.7621277379133156 -0.1348084753262215 -0.6332361219034747
vn 0.14736869704237068 0.9162847106651617 -0.3724309280031598
vn -0.14736869704237068 -0.9162847106651617 0.3724309280031598
usemtl m_a88e312f-6483-c966-cca2-c43494a202bc
f 132/388/97 135/387/97 133/386/97 130/385/97
f 131/392/98 132/391/98 130/390/98 129/389/98
f 136/396/99 131/395/99 129/394/99 134/393/99
f 135/400/100 136/399/100 134/398/100 133/397/100
f 134/404/101 129/403/101 130/402/101 133/401/101
f 135/408/102 132/407/102 131/406/102 136/405/102
o leaf2
v 1.1112452224836276 4.659340322249298 2.7876731127835885
v 1.1112452224836276 4.659340322249298 2.7876731127835885
v 1.0889138034907873 3.916250340542887 3.249131222272772
v 1.0889138034907873 3.916250340542887 3.249131222272772
v 0.254654301139053 5.009345581952919 3.3098364604535044
v 0.254654301139053 5.009345581952919 3.3098364604535044
v 0.23232288214621274 4.266255600246508 3.771294569942688
v 0.23232288214621274 4.266255600246508 3.771294569942688
vt 0.375 0.328125
vt 0.640625 0.328125
vt 0.640625 0.21875
vt 0.375 0.21875
vt 0.375 0.328125
vt 0.375 0.328125
vt 0.375 0.21875
vt 0.375 0.21875
vt 0.109375 0.328125
vt 0.375 0.328125
vt 0.375 0.21875
vt 0.109375 0.21875
vt 0.109375 0.328125
vt 0.109375 0.328125
vt 0.109375 0.21875
vt 0.109375 0.21875
vt 0.109375 0.328125
vt 0.375 0.328125
vt 0.375 0.328125
vt 0.109375 0.328125
vt 0.375 0.328125
vt 0.640625 0.328125
vt 0.640625 0.328125
vt 0.375 0.328125
vn -0.5910879923865817 -0.41263346949350654 -0.6930718614329628
vn 0.8062032200890114 -0.3294167150151728 -0.4914478566305093
vn 0.5910879923865817 0.41263346949350654 0.6930718614329628
vn -0.8062032200890114 0.3294167150151728 0.4914478566305093
vn 0.02552162170610323 0.8492456933787559 -0.5273806965590669
vn -0.02552162170610323 -0.8492456933787559 0.5273806965590669
usemtl m_a88e312f-6483-c966-cca2-c43494a202bc
f 140/412/103 143/411/103 141/410/103 138/409/103
f 139/416/104 140/415/104 138/414/104 137/413/104
f 144/420/105 139/419/105 137/418/105 142/417/105
f 143/424/106 144/423/106 142/422/106 141/421/106
f 142/428/107 137/427/107 138/426/107 141/425/107
f 143/432/108 140/431/108 139/430/108 144/429/108
o leaf3
v 0.2538231993935037 5.02943091570812 3.3421398273353113
v 0.2538231993935037 5.02943091570812 3.3421398273353113
v 0.2314917804006634 4.286340934001709 3.8035979368244948
v 0.2314917804006634 4.286340934001709 3.8035979368244948
v -0.574510262602393 4.696534827734904 2.765988701023802
v -0.574510262602393 4.696534827734904 2.765988701023802
v -0.5968416815952333 3.9534448460284928 3.227446810512985
v -0.5968416815952333 3.9534448460284928 3.227446810512985
vt 0.640625 0.328125
vt 0.90625 0.328125
vt 0.90625 0.21875
vt 0.640625 0.21875
vt 0.640625 0.328125
vt 0.640625 0.328125
vt 0.640625 0.21875
vt 0.640625 0.21875
vt 0.375 0.328125
vt 0.640625 0.328125
vt 0.640625 0.21875
vt 0.375 0.21875
vt 0.375 0.328125
vt 0.375 0.328125
vt 0.375 0.21875
vt 0.375 0.21875
vt 0.375 0.328125
vt 0.640625 0.328125
vt 0.640625 0.328125
vt 0.375 0.328125
vt 0.640625 0.328125
vt 0.90625 0.328125
vt 0.90625 0.328125
vt 0.640625 0.328125
vn 0.6257476080117386 -0.4249895428346796 -0.6540824256534935
vn 0.7796079642314321 0.3133139651512619 0.5422598835873034
vn -0.6257476080117386 0.4249895428346796 0.6540824256534935
vn -0.7796079642314321 -0.3133139651512619 -0.5422598835873034
vn 0.025521621706103257 0.8492456933787559 -0.5273806965590669
vn -0.025521621706103257 -0.8492456933787559 0.5273806965590669
usemtl m_a88e312f-6483-c966-cca2-c43494a202bc
f 148/436/109 151/435/109 149/434/109 146/433/109
f 147/440/110 148/439/110 146/438/110 145/437/110
f 152/444/111 147/443/111 145/442/111 150/441/111
f 151/448/112 152/447/112 150/446/112 149/445/112
f 150/452/113 145/451/113 146/450/113 149/449/113
f 151/456/114 148/455/114 147/454/114 152/453/114
o leaf3
v 0.8854871885914698 5.507092081382605 1.8490782093701594
v 0.8854871885914698 5.507092081382605 1.8490782093701594
v 1.10443707265018 4.627212167558542 2.798040029213106
v 1.10443707265018 4.627212167558542 2.798040029213106
v 0.02889626724689534 5.8570973410862255 2.3712415570400753
v 0.02889626724689534 5.8570973410862255 2.3712415570400753
v 0.2478461513056053 4.977217427262163 3.320203376883022
v 0.2478461513056053 4.977217427262163 3.320203376883022
vt 0.375 0.5
vt 0.640625 0.5
vt 0.640625 0.3359375
vt 0.375 0.3359375
vt 0.375 0.5
vt 0.375 0.5
vt 0.375 0.3359375
vt 0.375 0.3359375
vt 0.109375 0.5
vt 0.375 0.5
vt 0.375 0.3359375
vt 0.109375 0.3359375
vt 0.109375 0.5
vt 0.109375 0.5
vt 0.109375 0.3359375
vt 0.109375 0.3359375
vt 0.109375 0.5
vt 0.375 0.5
vt 0.375 0.5
vt 0.109375 0.5
vt 0.375 0.5
vt 0.640625 0.5
vt 0.640625 0.5
vt 0.375 0.5
vn -0.5676335109398526 -0.6648826865745248 -0.48551334724344997
vn 0.8062032200890114 -0.3294167150151728 -0.4914478566305093
vn 0.5676335109398526 0.6648826865745248 0.48551334724344997
vn -0.8062032200890114 0.3294167150151728 0.4914478566305093
vn -0.1668189592828266 0.6703846962469049 -0.72301852940415
vn 0.1668189592828266 -0.6703846962469049 0.72301852940415
usemtl m_a88e312f-6483-c966-cca2-c43494a202bc
f 156/460/115 159/459/115 157/458/115 154/457/115
f 155/464/116 156/463/116 154/462/116 153/461/116
f 160/468/117 155/467/117 153/466/117 158/465/117
f 159/472/118 160/471/118 158/470/118 157/469/118
f 158/476/119 153/475/119 154/474/119 157/473/119
f 159/480/120 156/479/120 155/478/120 160/477/120
o leaf3
v 0.02735718772642831 5.88479686319342 2.3972797325393795
v 0.02735718772642831 5.88479686319342 2.3972797325393795
v 0.24630707178513828 5.004916949369358 3.346241552382326
v 0.24630707178513828 5.004916949369358 3.346241552382326
v -0.7769050299222678 5.293018371252412 2.0341451132329493
v -0.7769050299222678 5.293018371252412 2.0341451132329493
v -0.5579551458635578 4.413138457428349 2.983106933075896
v -0.5579551458635578 4.413138457428349 2.983106933075896
vt 0.640625 0.5
vt 0.90625 0.5
vt 0.90625 0.3359375
vt 0.640625 0.3359375
vt 0.640625 0.5
vt 0.640625 0.5
vt 0.640625 0.3359375
vt 0.640625 0.3359375
vt 0.375 0.5
vt 0.640625 0.5
vt 0.640625 0.3359375
vt 0.375 0.3359375
vt 0.375 0.5
vt 0.375 0.5
vt 0.375 0.3359375
vt 0.375 0.3359375
vt 0.375 0.5
vt 0.640625 0.5
vt 0.640625 0.5
vt 0.375 0.5
vt 0.640625 0.5
vt 0.90625 0.5
vt 0.90625 0.5
vt 0.640625 0.5
vn 0.6318180766462785 -0.49027646737639197 -0.600362310242676
vn 0.7569526754340671 0.5569679924150676 0.3417737593472288
vn -0.6318180766462785 0.49027646737639197 0.600362310242676
vn -0.7569526754340671 -0.5569679924150676 -0.3417737593472288
vn -0.16681895928282664 0.670384696246905 -0.7230185294041501
vn 0.16681895928282664 -0.670384696246905 0.7230185294041501
usemtl m_a88e312f-6483-c966-cca2-c43494a202bc
f 164/484/121 167/483/121 165/482/121 162/481/121
f 163/488/122 164/487/122 162/486/122 161/485/122
f 168/492/123 163/491/123 161/490/123 166/489/123
f 167/496/124 168/495/124 166/494/124 165/493/124
f 166/500/125 161/499/125 162/498/125 165/497/125
f 167/504/126 164/503/126 163/502/126 168/501/126
o leaf4
v 0.28386117837033825 5.923825814242254 0.7523915155583829
v 0.28386117837033825 5.923825814242254 0.7523915155583829
v 0.810955430330321 5.523138749136895 1.885651316048985
v 0.810955430330321 5.523138749136895 1.885651316048985
v -0.5727297429742362 6.273831073945876 1.2745548632282988
v -0.5727297429742362 6.273831073945876 1.2745548632282988
v -0.04563549101425348 5.873144008840516 2.407814663718901
v -0.04563549101425348 5.873144008840516 2.407814663718901
vt 0.375 0.6640625
vt 0.640625 0.6640625
vt 0.640625 0.5
vt 0.375 0.5
vt 0.375 0.6640625
vt 0.375 0.6640625
vt 0.375 0.5
vt 0.375 0.5
vt 0.109375 0.6640625
vt 0.375 0.6640625
vt 0.375 0.5
vt 0.109375 0.5
vt 0.109375 0.6640625
vt 0.109375 0.6640625
vt 0.109375 0.5
vt 0.109375 0.5
vt 0.109375 0.6640625
vt 0.375 0.6640625
vt 0.375 0.6640625
vt 0.109375 0.6640625
vt 0.375 0.6640625
vt 0.640625 0.6640625
vt 0.640625 0.6640625
vt 0.375 0.6640625
vn -0.43446211052339984 -0.8934682215016756 -0.11382974868717624
vn 0.8062032200890114 -0.3294167150151727 -0.4914478566305094
vn 0.43446211052339984 0.8934682215016756 0.11382974868717624
vn -0.8062032200890114 0.3294167150151727 0.4914478566305094
vn -0.40159562054093917 0.30528538293741675 -0.8634360384690303
vn 0.40159562054093917 -0.30528538293741675 0.8634360384690303
usemtl m_a88e312f-6483-c966-cca2-c43494a202bc
f 172/508/127 175/507/127 173/506/127 170/505/127
f 171/512/128 172/511/128 170/510/128 169/509/128
f 176/516/129 171/515/129 169/514/129 174/513/129
f 175/520/130 176/519/130 174/518/130 173/517/130
f 174/524/131 169/523/131 170/522/131 173/521/131
f 175/528/132 172/527/132 171/526/132 176/525/132
o leaf3
v -0.4271255215944146 6.246664857803528 1.1972272287983374
v -0.4271255215944146 6.246664857803528 1.1972272287983374
v 0.09996873036556825 5.845977792698168 2.3304870292889395
v 0.09996873036556825 5.845977792698168 2.3304870292889395
v -1.0947144417854782 5.420289908125255 1.2155500610674395
v -1.0947144417854782 5.420289908125255 1.2155500610674395
v -0.5676201898254954 5.019602843019896 2.3488098615580415
v -0.5676201898254954 5.019602843019896 2.3488098615580415
vt 0.640625 0.6640625
vt 0.90625 0.6640625
vt 0.90625 0.5
vt 0.640625 0.5
vt 0.640625 0.6640625
vt 0.640625 0.6640625
vt 0.640625 0.5
vt 0.640625 0.5
vt 0.375 0.6640625
vt 0.640625 0.6640625
vt 0.640625 0.5
vt 0.375 0.5
vt 0.375 0.6640625
vt 0.375 0.6640625
vt 0.375 0.5
vt 0.375 0.5
vt 0.375 0.6640625
vt 0.640625 0.6640625
vt 0.640625 0.6640625
vt 0.375 0.6640625
vt 0.640625 0.6640625
vt 0.90625 0.6640625
vt 0.90625 0.6640625
vt 0.640625 0.6640625
vn 0.6662853835053941 -0.5494387781371927 -0.504163482221966
vn 0.6283189837092366 0.7777646585207273 -0.017245018606213556
vn -0.6662853835053941 0.5494387781371927 0.504163482221966
vn -0.6283189837092366 -0.7777646585207273 0.017245018606213556
vn -0.4015956205409392 0.30528538293741675 -0.8634360384690302
vn 0.4015956205409392 -0.30528538293741675 0.8634360384690302
usemtl m_a88e312f-6483-c966-cca2-c43494a202bc
f 180/532/133 183/531/133 181/530/133 178/529/133
f 179/536/134 180/535/134 178/534/134 177/533/134
f 184/540/135 179/539/135 177/538/135 182/537/135
f 183/544/136 184/543/136 182/542/136 181/541/136
f 182/548/137 177/547/137 178/546/137 181/545/137
f 183/552/138 180/551/138 179/550/138 184/549/138
o leaf1
v -1.1198936110933755 2.498716467907884 5.109155048831431
v -1.1198936110933755 2.498716467907884 5.109155048831431
v 0.060470476111738475 2.2685004126268717 4.583419906837586
v 0.060470476111738475 2.2685004126268717 4.583419906837586
v -1.146757945959014 3.4482026144256155 4.633066175738249
v -1.146757945959014 3.4482026144256155 4.633066175738249
v 0.033606141246099945 3.2179865591446037 4.107331033744405
v 0.033606141246099945 3.2179865591446037 4.107331033744405
vt 0.375 0.2109375
vt 0.640625 0.2109375
vt 0.640625 0.046875
vt 0.375 0.046875
vt 0.375 0.2109375
vt 0.375 0.2109375
vt 0.375 0.046875
vt 0.375 0.046875
vt 0.109375 0.2109375
vt 0.375 0.2109375
vt 0.375 0.046875
vt 0.109375 0.046875
vt 0.109375 0.2109375
vt 0.109375 0.2109375
vt 0.109375 0.046875
vt 0.109375 0.046875
vt 0.109375 0.2109375
vt 0.375 0.2109375
vt 0.375 0.2109375
vt 0.109375 0.2109375
vt 0.375 0.2109375
vt 0.640625 0.2109375
vt 0.640625 0.2109375
vt 0.375 0.2109375
vn 0.43654922497246507 0.4131006264809776 0.7992325359849686
vn 0.02528407987354215 -0.893634020251983 0.44808364526417044
vn -0.43654922497246507 -0.4131006264809776 -0.7992325359849686
vn -0.02528407987354215 0.893634020251983 -0.44808364526417044
vn -0.8993250188229439 0.17540270878553296 0.4005601081857866
vn 0.8993250188229439 -0.17540270878553296 -0.4005601081857866
usemtl m_a88e312f-6483-c966-cca2-c43494a202bc
f 188/556/139 191/555/139 189/554/139 186/553/139
f 187/560/140 188/559/140 186/558/140 185/557/140
f 192/564/141 187/563/141 185/562/141 190/561/141
f 191/568/142 192/567/142 190/566/142 189/565/142
f 190/572/143 185/571/143 186/570/143 189/569/143
f 191/576/144 188/575/144 187/574/144 192/573/144
o leaf1
v -1.1341662558338563 3.4813703953213846 4.646812685270206
v -1.1341662558338563 3.4813703953213846 4.646812685270206
v 0.04619783137125766 3.251154340040373 4.1210775432763604
v 0.04619783137125766 3.251154340040373 4.1210775432763604
v -1.5891480549548553 3.3031519913829746 3.7033424880905255
v -1.5891480549548553 3.3031519913829746 3.7033424880905255
v -0.40878396774974146 3.072935936101963 3.1776073460966803
v -0.40878396774974146 3.072935936101963 3.1776073460966803
vt 0.640625 0.2109375
vt 0.90625 0.2109375
vt 0.90625 0.046875
vt 0.640625 0.046875
vt 0.640625 0.2109375
vt 0.640625 0.2109375
vt 0.640625 0.046875
vt 0.640625 0.046875
vt 0.375 0.2109375
vt 0.640625 0.2109375
vt 0.640625 0.046875
vt 0.375 0.046875
vt 0.375 0.2109375
vt 0.375 0.2109375
vt 0.375 0.046875
vt 0.375 0.046875
vt 0.375 0.2109375
vt 0.640625 0.2109375
vt 0.640625 0.2109375
vt 0.375 0.2109375
vt 0.640625 0.2109375
vt 0.90625 0.2109375
vt 0.90625 0.2109375
vt 0.640625 0.2109375
vn 0.08856474831197092 0.9701025049562108 -0.22595887952041788
vn 0.42821816387858747 0.16773496841262123 0.8879719502867578
vn -0.08856474831197092 -0.9701025049562108 0.22595887952041788
vn -0.42821816387858747 -0.16773496841262123 -0.8879719502867578
vn -0.899325018822944 0.175402708785533 0.40056010818578663
vn 0.899325018822944 -0.175402708785533 -0.40056010818578663
usemtl m_a88e312f-6483-c966-cca2-c43494a202bc
f 196/580/145 199/579/145 197/578/145 194/577/145
f 195/584/146 196/583/146 194/582/146 193/581/146
f 200/588/147 195/587/147 193/586/147 198/585/147
f 199/592/148 200/591/148 198/590/148 197/589/148
f 198/596/149 193/595/149 194/594/149 197/593/149
f 199/600/150 196/599/150 195/598/150 200/597/150
o leaf2
v -2.0013812118728636 2.5739140493783377 5.308864904109805
v -2.0013812118728636 2.5739140493783377 5.308864904109805
v -1.152429138096339 2.498613727666336 5.110786036027903
v -1.152429138096339 2.498613727666336 5.110786036027903
v -2.028245546738502 3.5234001958960697 4.832776031016624
v -2.028245546738502 3.5234001958960697 4.832776031016624
v -1.1792934729619773 3.4480998741840674 4.634697162934723
v -1.1792934729619773 3.4480998741840674 4.634697162934723
vt 0.375 0.328125
vt 0.640625 0.328125
vt 0.640625 0.21875
vt 0.375 0.21875
vt 0.375 0.328125
vt 0.375 0.328125
vt 0.375 0.21875
vt 0.375 0.21875
vt 0.109375 0.328125
vt 0.375 0.328125
vt 0.375 0.21875
vt 0.109375 0.21875
vt 0.109375 0.328125
vt 0.109375 0.328125
vt 0.109375 0.21875
vt 0.109375 0.21875
vt 0.109375 0.328125
vt 0.375 0.328125
vt 0.375 0.328125
vt 0.109375 0.328125
vt 0.375 0.328125
vt 0.640625 0.328125
vt 0.640625 0.328125
vt 0.375 0.328125
vn 0.24085812326088 0.44046832205052094 0.8648554918188619
vn 0.02528407987354212 -0.893634020251983 0.4480836452641704
vn -0.24085812326088 -0.44046832205052094 -0.8648554918188619
vn -0.02528407987354212 0.893634020251983 -0.4480836452641704
vn -0.9702309414588854 0.0860575105280023 0.22637584923645826
vn 0.9702309414588854 -0.0860575105280023 -0.22637584923645826
usemtl m_a88e312f-6483-c966-cca2-c43494a202bc
f 204/604/151 207/603/151 205/602/151 202/601/151
f 203/608/152 204/607/152 202/606/152 201/605/152
f 208/612/153 203/611/153 201/610/153 206/609/153
f 207/616/154 208/615/154 206/614/154 205/613/154
f 206/620/155 201/619/155 202/618/155 205/617/155
f 207/624/156 204/623/156 203/622/156 208/621/156
o leaf3
v -2.021560827998562 3.557394075644544 4.848503381368289
v -2.021560827998562 3.557394075644544 4.848503381368289
v -1.1726087542220376 3.482093753932542 4.650424513286389
v -1.1726087542220376 3.482093753932542 4.650424513286389
v -2.2757056000221505 3.3510883107141414 3.8376845963184865
v -2.2757056000221505 3.3510883107141414 3.8376845963184865
v -1.4267535262456257 3.275787989002139 3.6396057282365852
v -1.4267535262456257 3.275787989002139 3.6396057282365852
vt 0.640625 0.328125
vt 0.90625 0.328125
vt 0.90625 0.21875
vt 0.640625 0.21875
vt 0.640625 0.328125
vt 0.640625 0.328125
vt 0.640625 0.21875
vt 0.640625 0.21875
vt 0.375 0.328125
vt 0.640625 0.328125
vt 0.640625 0.21875
vt 0.375 0.21875
