# Made in Blockbench 4.12.4
mtllib mamao.mtl

o mamao_amarelho
v 0.1556660825605315 2.84545005402612 0.09375
v 0.1556660825605315 2.84545005402612 -0.09375
v 0.34768232719942305 2.5989018603706455 0.09375
v 0.34768232719942305 2.5989018603706455 -0.09375
v 0.007737166367246813 2.730240307242785 -0.09375
v 0.007737166367246813 2.730240307242785 0.09375
v 0.1997534110061384 2.4836921135873107 -0.09375
v 0.1997534110061384 2.4836921135873107 0.09375
vt 0.125 0.9375
vt 0.3125 0.9375
vt 0.3125 0.78125
vt 0.125 0.78125
vt 0.125 0.9375
vt 0.3125 0.9375
vt 0.3125 0.78125
vt 0.125 0.78125
vt 0.125 0.9375
vt 0.3125 0.9375
vt 0.3125 0.78125
vt 0.125 0.78125
vt 0.125 0.9375
vt 0.3125 0.9375
vt 0.3125 0.78125
vt 0.125 0.78125
vt 0.125 0.9375
vt 0.3125 0.9375
vt 0.3125 0.84375
vt 0.125 0.84375
vt 0.125 0.9375
vt 0.3125 0.9375
vt 0.3125 0.84375
vt 0.125 0.84375
vn 0 0 -1
vn 0.7889542196975183 0.614451982844453 0
vn 0 0 1
vn -0.7889542196975183 -0.614451982844453 0
vn -0.614451982844453 0.7889542196975183 0
vn 0.614451982844453 -0.7889542196975183 0
usemtl m_626a75a0-d020-630f-372f-409208236c93
f 4/4/1 7/3/1 5/2/1 2/1/1
f 3/8/2 4/7/2 2/6/2 1/5/2
f 8/12/3 3/11/3 1/10/3 6/9/3
f 7/16/4 8/15/4 6/14/4 5/13/4
f 6/20/5 1/19/5 2/18/5 5/17/5
f 7/24/6 4/23/6 3/22/6 8/21/6
o mamao_amarelho
v -0.1556660825605315 2.97045005402612 0.09375
v -0.1556660825605315 2.97045005402612 -0.09375
v -0.34768232719942305 2.7239018603706455 0.09375
v -0.34768232719942305 2.7239018603706455 -0.09375
v -0.007737166367246813 2.855240307242785 -0.09375
v -0.007737166367246813 2.855240307242785 0.09375
v -0.1997534110061384 2.6086921135873107 -0.09375
v -0.1997534110061384 2.6086921135873107 0.09375
vt 0.125 0.9375
vt 0.3125 0.9375
vt 0.3125 0.78125
vt 0.125 0.78125
vt 0.125 0.9375
vt 0.3125 0.9375
vt 0.3125 0.78125
vt 0.125 0.78125
vt 0.125 0.9375
vt 0.3125 0.9375
vt 0.3125 0.78125
vt 0.125 0.78125
vt 0.125 0.9375
vt 0.3125 0.9375
vt 0.3125 0.78125
vt 0.125 0.78125
vt 0.125 0.9375
vt 0.3125 0.9375
vt 0.3125 0.84375
vt 0.125 0.84375
vt 0.125 0.9375
vt 0.3125 0.9375
vt 0.3125 0.84375
vt 0.125 0.84375
vn 0 0 -1
vn 0.7889542196975183 -0.614451982844453 0
vn 0 0 1
vn -0.7889542196975183 0.614451982844453 0
vn 0.614451982844453 0.7889542196975183 0
vn -0.614451982844453 -0.7889542196975183 0
usemtl m_626a75a0-d020-630f-372f-409208236c93
f 12/28/7 15/27/7 13/26/7 10/25/7
f 11/32/8 12/31/8 10/30/8 9/29/8
f 16/36/9 11/35/9 9/34/9 14/33/9
f 15/40/10 16/39/10 14/38/10 13/37/10
f 14/44/11 9/43/11 10/42/11 13/41/11
f 15/48/12 12/47/12 11/46/12 16/45/12
o mamao
v 0.06283224425067929 3.125837658418709 -0.16543268484042334
v -0.11730516590084503 3.094504991441605 -0.12389923514017104
v 0.04510816878718005 2.918590784773548 -0.39865112431996114
v -0.13502924136434427 2.887258117796444 -0.35711767461970884
v -0.06637705934337915 2.9577129668522586 -0.006211003055484228
v 0.11376035080814517 2.9890456338293627 -0.047744452755736515
v -0.0841011348068784 2.750466093207098 -0.23942944253502202
v 0.09603627534464591 2.7817987601842016 -0.2809628922352743
vt 0.125 0.71875
vt 0.3125 0.71875
vt 0.3125 0.5625
vt 0.125 0.5625
vt 0.125 0.71875
vt 0.3125 0.71875
vt 0.3125 0.5625
vt 0.125 0.5625
vt 0.125 0.71875
vt 0.3125 0.71875
vt 0.3125 0.5625
vt 0.125 0.5625
vt 0.125 0.71875
vt 0.3125 0.71875
vt 0.3125 0.5625
vt 0.125 0.5625
vt 0.125 0.71875
vt 0.3125 0.71875
vt 0.3125 0.625
vt 0.125 0.625
vt 0.125 0.71875
vt 0.3125 0.71875
vt 0.3125 0.625
vt 0.125 0.625
vn -0.9607328541414633 -0.16710755721122142 0.22151173173467897
vn -0.2716165683064847 0.7295574644765129 -0.6276705711183297
vn 0.9607328541414633 0.16710755721122142 -0.22151173173467897
vn 0.2716165683064847 -0.7295574644765129 0.6276705711183297
vn 0.05671704148319752 0.6631899956645154 0.746299006334521
vn -0.05671704148319752 -0.6631899956645154 -0.746299006334521
usemtl m_626a75a0-d020-630f-372f-409208236c93
f 20/52/13 23/51/13 21/50/13 18/49/13
f 19/56/14 20/55/14 18/54/14 17/53/14
f 24/60/15 19/59/15 17/58/15 22/57/15
f 23/64/16 24/63/16 22/62/16 21/61/16
f 22/68/17 17/67/17 18/66/17 21/65/17
f 23/72/18 20/71/18 19/70/18 24/69/18
o mamao
v 0.06283224425067929 3.125837658418709 0.16543268484042334
v -0.11730516590084503 3.094504991441605 0.12389923514017104
v 0.04510816878718005 2.918590784773548 0.39865112431996114
v -0.13502924136434427 2.887258117796444 0.35711767461970884
v -0.06637705934337915 2.9577129668522586 0.006211003055484228
v 0.11376035080814517 2.9890456338293627 0.047744452755736515
v -0.0841011348068784 2.750466093207098 0.23942944253502202
v 0.09603627534464591 2.7817987601842016 0.2809628922352743
vt 0.125 0.71875
vt 0.3125 0.71875
vt 0.3125 0.5625
vt 0.125 0.5625
vt 0.125 0.71875
vt 0.3125 0.71875
vt 0.3125 0.5625
vt 0.125 0.5625
vt 0.125 0.71875
vt 0.3125 0.71875
vt 0.3125 0.5625
vt 0.125 0.5625
vt 0.125 0.71875
vt 0.3125 0.71875
vt 0.3125 0.5625
vt 0.125 0.5625
vt 0.125 0.71875
vt 0.3125 0.71875
vt 0.3125 0.625
vt 0.125 0.625
vt 0.125 0.71875
vt 0.3125 0.71875
vt 0.3125 0.625
vt 0.125 0.625
vn 0.9607328541414633 0.16710755721122142 0.22151173173467897
vn -0.2716165683064847 0.7295574644765129 0.6276705711183297
vn -0.9607328541414633 -0.16710755721122142 -0.22151173173467897
vn 0.2716165683064847 -0.7295574644765129 -0.6276705711183297
vn 0.05671704148319752 0.6631899956645154 -0.746299006334521
vn -0.05671704148319752 -0.6631899956645154 0.746299006334521
usemtl m_626a75a0-d020-630f-372f-409208236c93
f 28/76/19 31/75/19 29/74/19 26/73/19
f 27/80/20 28/79/20 26/78/20 25/77/20
f 32/84/21 27/83/21 25/82/21 30/81/21
f 31/88/22 32/87/22 30/86/22 29/85/22
f 30/92/23 25/91/23 26/90/23 29/89/23
f 31/96/24 28/95/24 27/94/24 32/93/24
o caule1
v 0.0625 1.125 0.0625
v 0.0625 1.125 -0.0625
v 0.0625 -0.5 0.0625
v 0.0625 -0.5 -0.0625
v -0.0625 1.125 -0.0625
v -0.0625 1.125 0.0625
v -0.0625 -0.5 -0.0625
v -0.0625 -0.5 0.0625
vt 0 1
vt 0.125 1
vt 0.125 0.1875
vt 0 0.1875
vt 0 1
vt 0.125 1
vt 0.125 0.1875
vt 0 0.1875
vt 0 1
vt 0.125 1
vt 0.125 0.1875
vt 0 0.1875
vt 0 1
vt 0.125 1
vt 0.125 0.1875
vt 0 0.1875
vt 0 1
vt 0.125 1
vt 0.125 0.9375
vt 0 0.9375
vt 0 1
vt 0.125 1
vt 0.125 0.9375
vt 0 0.9375
vn 0 0 -1
vn 1 0 0
vn 0 0 1
vn -1 0 0
vn 0 1 0
vn 0 -1 0
usemtl m_626a75a0-d020-630f-372f-409208236c93
f 36/100/25 39/99/25 37/98/25 34/97/25
f 35/104/26 36/103/26 34/102/26 33/101/26
f 40/108/27 35/107/27 33/106/27 38/105/27
f 39/112/28 40/111/28 38/110/28 37/109/28
f 38/116/29 33/115/29 34/114/29 37/113/29
f 39/120/30 36/119/30 35/118/30 40/117/30
o caule2
v 0.0625 2.625 0.0625
v 0.0625 2.625 -0.0625
v 0.0625 1.125 0.0625
v 0.0625 1.125 -0.0625
v -0.0625 2.625 -0.0625
v -0.0625 2.625 0.0625
v -0.0625 1.125 -0.0625
v -0.0625 1.125 0.0625
vt 0 1
vt 0.125 1
vt 0.125 0.25
vt 0 0.25
vt 0 1
vt 0.125 1
vt 0.125 0.25
vt 0 0.25
vt 0 1
vt 0.125 1
vt 0.125 0.25
vt 0 0.25
vt 0 1
vt 0.125 1
vt 0.125 0.25
vt 0 0.25
vt 0 1
vt 0.125 1
vt 0.125 0.9375
vt 0 0.9375
vt 0 1
vt 0.125 1
vt 0.125 0.9375
vt 0 0.9375
vn 0 0 -1
vn 1 0 0
vn 0 0 1
vn -1 0 0
vn 0 1 0
vn 0 -1 0
usemtl m_626a75a0-d020-630f-372f-409208236c93
f 44/124/31 47/123/31 45/122/31 42/121/31
f 43/128/32 44/127/32 42/126/32 41/125/32
f 48/132/33 43/131/33 41/130/33 46/129/33
f 47/136/34 48/135/34 46/134/34 45/133/34
f 46/140/35 41/139/35 42/138/35 45/137/35
f 47/144/36 44/143/36 43/142/36 48/141/36
o caule3
v 0.0625 3.625 0.0625
v 0.0625 3.625 -0.0625
v 0.0625 2.625 0.0625
v 0.0625 2.625 -0.0625
v -0.0625 3.625 -0.0625
v -0.0625 3.625 0.0625
v -0.0625 2.625 -0.0625
v -0.0625 2.625 0.0625
vt 0 1
vt 0.125 1
vt 0.125 0.5
vt 0 0.5
vt 0 1
vt 0.125 1
vt 0.125 0.5
vt 0 0.5
vt 0 1
vt 0.125 1
vt 0.125 0.5
vt 0 0.5
vt 0 1
vt 0.125 1
vt 0.125 0.5
vt 0 0.5
vt 0 1
vt 0.125 1
vt 0.125 0.9375
vt 0 0.9375
vt 0 1
vt 0.125 1
vt 0.125 0.9375
vt 0 0.9375
vn 0 0 -1
vn 1 0 0
vn 0 0 1
vn -1 0 0
vn 0 1 0
vn 0 -1 0
usemtl m_626a75a0-d020-630f-372f-409208236c93
f 52/148/37 55/147/37 53/146/37 50/145/37
f 51/152/38 52/151/38 50/150/38 49/149/38
f 56/156/39 51/155/39 49/154/39 54/153/39
f 55/160/40 56/159/40 54/158/40 53/157/40
f 54/164/41 49/163/41 50/162/41 53/161/41
f 55/168/42 52/167/42 51/166/42 56/165/42
o galho
v 0.97755067585028 3.402292516800969 -0.014559391160729178
v 0.9622458670985441 3.462887595847328 -0.01406016732490322
v 0.008104400752694044 3.1575740373173686 -0.03149413351653735
v -0.007200407999041772 3.218169116363728 -0.030994909680711388
v 0.9613418743448896 3.462144442166231 0.04842887587234549
v 0.9766466830966254 3.401549363119872 0.047929652036519534
v -0.008104400752696389 3.217425962682631 0.03149413351653732
v 0.0072004079990394265 3.1568308836362715 0.030994909680711367
vt 0.9375 0.5
vt 1 0.5
vt 1 0
vt 0.9375 0
vt 0.9375 0.5
vt 1 0.5
vt 1 0
vt 0.9375 0
vt 0.9375 0.5
vt 1 0.5
vt 1 0
vt 0.9375 0
vt 0.9375 0.5
vt 1 0.5
vt 1 0
vt 0.9375 0
vt 0.9375 0.5
vt 1 0.5
vt 1 0.46875
vt 0.9375 0.46875
vt 0.9375 0.5
vt 1 0.5
vt 1 0.46875
vt 0.9375 0.46875
vn -0.24487694002777297 0.9695212647417492 0.007987581373215327
vn 0.014463884058473968 0.011890458897551429 -0.9998246911559789
vn 0.24487694002777297 -0.9695212647417492 -0.007987581373215327
vn -0.014463884058473968 -0.011890458897551429 0.9998246911559789
vn 0.9694462750975824 0.24471847948359957 0.01693474235580801
vn -0.9694462750975824 -0.24471847948359957 -0.01693474235580801
usemtl m_626a75a0-d020-630f-372f-409208236c93
f 60/172/43 63/171/43 61/170/43 58/169/43
f 59/176/44 60/175/44 58/174/44 57/173/44
f 64/180/45 59/179/45 57/178/45 62/177/45
f 63/184/46 64/183/46 62/182/46 61/181/46
f 62/188/47 57/187/47 58/186/47 61/185/47
f 63/192/48 60/191/48 59/190/48 64/189/48
o folha
v 1.4190479664246765 3.1458999719505867 -0.2925209796786782
v 0.9477849607741621 3.452995087650175 -0.2956863262158328
v 1.4190479664246765 3.1458999719505867 -0.2925209796786782
v 0.9477849607741621 3.452995087650175 -0.2956863262158328
v 0.9387450332376159 3.4455635508392053 0.32920410575665404
v 1.4100080388881304 3.1384684351396173 0.33236945229380865
v 0.9387450332376159 3.4455635508392053 0.32920410575665404
v 1.4100080388881304 3.1384684351396173 0.33236945229380865
vt 1.5625 0.625
vt 2.1875 0.625
vt 2.1875 0.625
vt 1.5625 0.625
vt 1 0.625
vt 1.5625 0.625
vt 1.5625 0.625
vt 1 0.625
vt 0.375 0.625
vt 1 0.625
vt 1 0.625
vt 0.375 0.625
vt -0.1875 0.625
vt 0.375 0.625
vt 0.375 0.625
vt -0.1875 0.625
vt 0.375 0.90625
vt 1 0.90625
vt 1 0.625
vt 0.375 0.625
vt 0.3125 0.5625
vt 0.9375 0.5625
vt 0.9375 0.28125
vt 0.3125 0.28125
vn -0.8378008989342473 0.5459468723548231 -0.00562728273271922
vn 0.014463884058473972 0.01189045889755143 -0.999824691155979
vn 0.8378008989342473 -0.5459468723548231 0.00562728273271922
vn -0.014463884058473972 -0.01189045889755143 0.999824691155979
vn 0.5457842520656954 0.8377354173921456 0.01785834941693589
vn -0.5457842520656954 -0.8377354173921456 -0.01785834941693589
usemtl m_626a75a0-d020-630f-372f-409208236c93
f 68/196/49 71/195/49 69/194/49 66/193/49
f 67/200/50 68/199/50 66/198/50 65/197/50
f 72/204/51 67/203/51 65/202/51 70/201/51
f 71/208/52 72/207/52 70/206/52 69/205/52
f 70/212/53 65/211/53 66/210/53 69/209/53
f 71/216/54 68/215/54 67/214/54 72/213/54
o galho
v 0.03125493639138651 3.575933729856791 -0.9220062178880907
v 0.03125463847295092 3.6327449919267627 -0.8959537611531059
v 0.031250030595838314 3.1590944220760595 -0.013026024778904464
v 0.031249732677402726 3.2159056841460307 0.013026431956080305
v -0.031245361525586983 3.6327448489328322 -0.895954164041657
v -0.03124506360715139 3.5759335868628606 -0.9220066207766417
v -0.03125026732113518 3.2159055411521003 0.013026029067529284
v -0.03124996940269959 3.1590942790821286 -0.013026427667455485
vt 0.9375 0.5
vt 1 0.5
vt 1 0
vt 0.9375 0
vt 0.9375 0.5
vt 1 0.5
vt 1 0
vt 0.9375 0
vt 0.9375 0.5
vt 1 0.5
vt 1 0
vt 0.9375 0
vt 0.9375 0.5
vt 1 0.5
vt 1 0
vt 0.9375 0
vt 0.9375 0.5
vt 1 0.5
vt 1 0.46875
vt 0.9375 0.46875
vt 0.9375 0.5
vt 1 0.5
vt 1 0.46875
vt 0.9375 0.46875
vn 0.000004766694969500859 -0.9089801931195454 -0.41683930775975636
vn 0.999999999976606 0.0000022879028934863133 0.000006446216816264579
vn -0.000004766694969500859 0.9089801931195454 0.41683930775975636
vn -0.999999999976606 -0.0000022879028934863133 -0.000006446216816264579
vn 0.0000049057955483798765 0.4168393077807319 -0.9089801931091863
vn -0.0000049057955483798765 -0.4168393077807319 0.9089801931091863
usemtl m_626a75a0-d020-630f-372f-409208236c93
f 76/220/55 79/219/55 77/218/55 74/217/55
f 75/224/56 76/223/56 74/222/56 73/221/56
f 80/228/57 75/227/57 73/226/57 78/225/57
f 79/232/58 80/231/58 78/230/58 77/229/58
f 78/236/59 73/235/59 74/234/59 77/233/59
f 79/240/60 76/239/60 75/238/60 80/237/60
o folha
v 0.31250841602043655 3.3999857978202495 -1.399351422891165
v 0.31250457397883324 3.6163608400435354 -0.8801326914415866
v 0.31250841602043655 3.3999857978202495 -1.399351422891165
v 0.31250457397883324 3.6163608400435354 -0.8801326914415866
v -0.3124954260065455 3.616359410104227 -0.8801367203270969
v -0.3124915839649422 3.399984367880941 -1.3993554517766753
v -0.3124954260065455 3.616359410104227 -0.8801367203270969
v -0.3124915839649422 3.399984367880941 -1.3993554517766753
vt 1.5625 0.625
vt 2.1875 0.625
vt 2.1875 0.625
vt 1.5625 0.625
vt 1 0.625
vt 1.5625 0.625
vt 1.5625 0.625
vt 1 0.625
vt 0.375 0.625
vt 1 0.625
vt 1 0.625
vt 0.375 0.625
vt -0.1875 0.625
vt 0.375 0.625
vt 0.375 0.625
vt -0.1875 0.625
vt 0.375 0.90625
vt 1 0.90625
vt 1 0.625
vt 0.375 0.625
vt 0.3125 0.5625
vt 0.9375 0.5625
vt 0.9375 0.28125
vt 0.3125 0.28125
vn 0.000006830296183749224 -0.38466674173028614 -0.9230555225770292
vn 0.999999999976606 0.000002287902893486314 0.000006446216816264579
vn -0.000006830296183749224 0.38466674173028614 0.9230555225770292
vn -0.999999999976606 -0.000002287902893486314 -0.000006446216816264579
vn 3.6778381833542087e-7 0.9230555225994648 -0.3846667417369142
vn -3.6778381833542087e-7 -0.9230555225994648 0.3846667417369142
usemtl m_626a75a0-d020-630f-372f-409208236c93
f 84/244/61 87/243/61 85/242/61 82/241/61
f 83/248/62 84/247/62 82/246/62 81/245/62
f 88/252/63 83/251/63 81/250/63 86/249/63
f 87/256/64 88/255/64 86/254/64 85/253/64
f 86/260/65 81/259/65 82/258/65 85/257/65
f 87/264/66 84/263/66 83/262/66 88/261/66
o galho
v -0.9775515511648382 3.402287984325949 -0.014571717300019047
v -0.9622470134590997 3.4628831303794665 -0.014072317293475614
v -0.00810399356952266 3.157573735955821 -0.03149417921078699
v 0.007200544136215843 3.2181688820093384 -0.03099477920424356
v -0.9613438047052689 3.4621399978064726 0.048416737491550225
v -0.9766483424110074 3.401544851752955 0.047917337485006796
v 0.008103752890046593 3.2174257494363445 0.03149427558078228
v -0.007200784815691909 3.156830603382827 0.030994875574238846
vt 0.9375 0.5
vt 1 0.5
vt 1 0
vt 0.9375 0
vt 0.9375 0.5
vt 1 0.5
vt 1 0
vt 0.9375 0
vt 0.9375 0.5
vt 1 0.5
vt 1 0
vt 0.9375 0
vt 0.9375 0.5
vt 1 0.5
vt 1 0
vt 0.9375 0
vt 0.9375 0.5
vt 1 0.5
vt 1 0.46875
vt 0.9375 0.46875
vt 0.9375 0.5
vt 1 0.5
vt 1 0.46875
vt 0.9375 0.46875
vn 0.24487260329181584 0.9695223368562769 0.007990400104694883
vn 0.014451340061292062 -0.011890121167902183 0.9998248765604133
vn -0.24487260329181584 -0.9695223368562769 -0.007990400104694883
vn -0.014451340061292062 0.011890121167902183 -0.9998248765604133
vn -0.9694475575953153 0.24471424837012823 0.016922461910768044
vn 0.9694475575953153 -0.24471424837012823 -0.016922461910768044
usemtl m_626a75a0-d020-630f-372f-409208236c93
f 92/268/67 95/267/67 93/266/67 90/265/67
f 91/272/68 92/271/68 90/270/68 89/269/68
f 96/276/69 91/275/69 89/274/69 94/273/69
f 95/280/70 96/279/70 94/278/70 93/277/70
f 94/284/71 89/283/71 90/282/71 93/281/71
f 95/288/72 92/287/72 91/286/72 96/285/72
o folha
v -1.4190442196519366 3.1458934341393308 -0.2925387974328185
v -0.9477825159425772 3.4529906080365835 -0.29569829126445485
v -1.4190442196519366 3.1458934341393308 -0.2925387974328185
v -0.9477825159425772 3.4529906080365835 -0.29569829126445485
v -0.9387504284042696 3.445559282306645 0.32919225658580353
v -1.410012132113629 3.138462108409392 0.33235175041743986
v -0.9387504284042696 3.445559282306645 0.32919225658580353
v -1.410012132113629 3.138462108409392 0.33235175041743986
vt 1.5625 0.625
vt 2.1875 0.625
vt 2.1875 0.625
vt 1.5625 0.625
vt 1 0.625
vt 1.5625 0.625
vt 1.5625 0.625
vt 1 0.625
vt 0.375 0.625
vt 1 0.625
vt 1 0.625
vt 0.375 0.625
vt -0.1875 0.625
vt 0.375 0.625
vt 0.375 0.625
vt -0.1875 0.625
vt 0.375 0.90625
vt 1 0.90625
vt 1 0.625
vt 0.375 0.625
vt 0.3125 0.5625
vt 0.9375 0.5625
vt 0.9375 0.28125
vt 0.3125 0.28125
vn 0.8377985843721949 0.5459505313728944 -0.005616877922909075
vn 0.014451340061292062 -0.011890121167902183 0.9998248765604133
vn -0.8377985843721949 -0.5459505313728944 0.005616877922909075
vn -0.014451340061292062 0.011890121167902183 -0.9998248765604133
vn -0.5457881372789072 0.8377330376153654 0.017851243467995156
vn 0.5457881372789072 -0.8377330376153654 -0.017851243467995156
usemtl m_626a75a0-d020-630f-372f-409208236c93
f 100/292/73 103/291/73 101/290/73 98/289/73
f 99/296/74 100/295/74 98/294/74 97/293/74
f 104/300/75 99/299/75 97/298/75 102/297/75
f 103/304/76 104/303/76 102/302/76 101/301/76
f 102/308/77 97/307/77 98/306/77 101/305/77
f 103/312/78 100/311/78 99/310/78 104/309/78
o galho
v 0.03124294862395338 3.5759249169426917 0.9220103412296393
v 0.031242988987139165 3.632736428035371 0.8959584275309346
v 0.031249861455005534 3.1590942977692307 0.013026163770158446
v 0.031249901818191317 3.21590580886191 -0.013025749928546186
v -0.03125701101135446 3.63273628463239 0.8959580179779448
v -0.03125705137454025 3.575924773539711 0.9220099316766496
v -0.031250098180302305 3.215905665458929 -0.013026159481535902
v -0.031250138543488085 3.15909415436625 0.01302575421716873
vt 0.9375 0.5
vt 1 0.5
vt 1 0
vt 0.9375 0
vt 0.9375 0.5
vt 1 0.5
vt 1 0
vt 0.9375 0
vt 0.9375 0.5
vt 1 0.5
vt 1 0
vt 0.9375 0
vt 0.9375 0.5
vt 1 0.5
vt 1 0
vt 0.9375 0
vt 0.9375 0.5
vt 1 0.5
vt 1 0.46875
vt 0.9375 0.46875
vt 0.9375 0.5
vt 1 0.5
vt 1 0.46875
vt 0.9375 0.46875
vn 6.458109725964444e-7 0.908984177482868 -0.41683061917927416
vn 0.9999999999758981 0.0000022944476920897395 0.000006552847835571372
vn -6.458109725964444e-7 -0.908984177482868 0.41683061917927416
vn -0.9999999999758981 -0.0000022944476920897395 -0.000006552847835571372
vn -0.000006912831052232456 0.41683061917345954 0.9089841774594776
vn 0.000006912831052232456 -0.41683061917345954 -0.9089841774594776
usemtl m_626a75a0-d020-630f-372f-409208236c93
f 108/316/79 111/315/79 109/314/79 106/313/79
f 107/320/80 108/319/80 106/318/80 105/317/80
f 112/324/81 107/323/81 105/322/81 110/321/81
f 111/328/82 112/327/82 110/326/82 109/325/82
f 110/332/83 105/331/83 106/330/83 109/329/83
f 111/336/84 108/335/84 107/334/84 112/333/84
o folha
v 0.3124902243610937 3.3999724239803824 1.3993575203787303
v 0.3124931302362777 3.6163524292037446 0.8801408571916807
v 0.3124902243610937 3.3999724239803824 1.3993575203787303
v 0.3124931302362777 3.6163524292037446 0.8801408571916807
v -0.3125068697486585 3.6163509951739368 0.8801367616617835
v -0.3125097756238425 3.399970989950575 1.399353424848833
v -0.3125068697486585 3.6163509951739368 0.8801367616617835
v -0.3125097756238425 3.399970989950575 1.399353424848833
vt 1.5625 0.625
vt 2.1875 0.625
vt 2.1875 0.625
vt 1.5625 0.625
vt 1 0.625
vt 1.5625 0.625
vt 1.5625 0.625
vt 1 0.625
vt 0.375 0.625
vt 1 0.625
vt 1 0.625
vt 0.375 0.625
vt -0.1875 0.625
vt 0.375 0.625
vt 0.375 0.625
vt -0.1875 0.625
vt 0.375 0.90625
vt 1 0.90625
vt 1 0.625
vt 0.375 0.625
vt 0.3125 0.5625
vt 0.9375 0.5625
vt 0.9375 0.28125
vt 0.3125 0.28125
vn 0.000005166000327261349 0.3846755648415323 -0.9230518456658655
vn 0.9999999999758981 0.000002294447692089739 0.000006552847835571371
vn -0.000005166000327261349 -0.3846755648415323 0.9230518456658655
vn -0.9999999999758981 -0.000002294447692089739 -0.000006552847835571371
vn -0.000004638614619449528 0.9230518456774698 0.3846755648204075
vn 0.000004638614619449528 -0.9230518456774698 -0.3846755648204075
usemtl m_626a75a0-d020-630f-372f-409208236c93
f 116/340/85 119/339/85 117/338/85 114/337/85
f 115/344/86 116/343/86 114/342/86 113/341/86
f 120/348/87 115/347/87 113/346/87 118/345/87
f 119/352/88 120/351/88 118/350/88 117/349/88
f 118/356/89 113/355/89 114/354/89 117/353/89
f 119/360/90 116/359/90 115/358/90 120/357/90
o galho
v 0.6453701685987862 3.7214636114701225 -0.5480266186841818
v 0.6234858261755164 3.772917297007628 -0.5201009351418118
v 0.03309455882381122 3.1593075217227824 0.007940204457861196
v 0.011210216400541522 3.210761207260288 0.035865888000231154
v 0.5791806910245794 3.7778485435932976 -0.563907188192815
v 0.601065033447849 3.726394858055792 -0.591832871735185
v -0.03309491875039552 3.215692453845957 -0.007940365050771978
v -0.011210576327125816 3.164238768308452 -0.03586604859314194
vt 0.9375 0.5
vt 1 0.5
vt 1 0
vt 0.9375 0
vt 0.9375 0.5
vt 1 0.5
vt 1 0
vt 0.9375 0
vt 0.9375 0.5
vt 1 0.5
vt 1 0
vt 0.9375 0
vt 0.9375 0.5
vt 1 0.5
vt 1 0
vt 0.9375 0
vt 0.9375 0.5
vt 1 0.5
vt 1 0.46875
vt 0.9375 0.46875
vt 0.9375 0.5
vt 1 0.5
vt 1 0.46875
vt 0.9375 0.46875
vn 0.3501494787723153 -0.8232589686000852 -0.4468109366779194
vn 0.7088821624149926 -0.07889994537071472 0.7009000488160508
vn -0.3501494787723153 0.8232589686000852 0.4468109366779194
vn -0.7088821624149926 0.07889994537071472 -0.7009000488160508
vn 0.6122756097749767 0.5621560897473428 -0.5559668231420453
vn -0.6122756097749767 -0.5621560897473428 0.5559668231420453
usemtl m_626a75a0-d020-630f-372f-409208236c93
f 124/364/91 127/363/91 125/362/91 122/361/91
f 123/368/92 124/367/92 122/366/92 121/365/92
f 128/372/93 123/371/93 121/370/93 126/369/93
f 127/376/94 128/375/94 126/374/94 125/373/94
f 126/380/95 121/379/95 122/378/95 125/377/95
f 127/384/96 124/383/96 123/382/96 128/381/96
o folha
v 1.1911757707647657 3.6064856367638027 -0.7117213018827449
v 0.8127790664370524 3.7319712685939277 -0.3148894226717629
v 1.1911757707647657 3.6064856367638027 -0.7117213018827449
v 0.8127790664370524 3.7319712685939277 -0.3148894226717629
v 0.36972771492768214 3.781283734450624 -0.7529519531817943
v 0.7481244192553955 3.6557981026204995 -1.1497838323927763
v 0.36972771492768214 3.781283734450624 -0.7529519531817943
v 0.7481244192553955 3.6557981026204995 -1.1497838323927763
vt 1.5625 0.625
vt 2.1875 0.625
vt 2.1875 0.625
vt 1.5625 0.625
vt 1 0.625
vt 1.5625 0.625
vt 1.5625 0.625
vt 1 0.625
vt 0.375 0.625
vt 1 0.625
vt 1 0.625
vt 0.375 0.625
vt -0.1875 0.625
vt 0.375 0.625
vt 0.375 0.625
vt -0.1875 0.625
vt 0.375 0.90625
vt 1 0.90625
vt 1 0.625
vt 0.375 0.625
vt 0.3125 0.5625
vt 0.9375 0.5625
vt 0.9375 0.28125
vt 0.3125 0.28125
vn 0.6727052521381567 -0.22308556769800006 -0.7054788963750794
vn 0.7088821624149925 -0.07889994537071468 0.7009000488160508
vn -0.6727052521381567 0.22308556769800006 0.7054788963750794
vn -0.7088821624149925 0.07889994537071468 -0.7009000488160508
vn 0.21202293167386985 0.9716005496629567 -0.10506497198904086
vn -0.21202293167386985 -0.9716005496629567 0.10506497198904086
usemtl m_626a75a0-d020-630f-372f-409208236c93
f 132/388/97 135/387/97 133/386/97 130/385/97
f 131/392/98 132/391/98 130/390/98 129/389/98
f 136/396/99 131/395/99 129/394/99 134/393/99
f 135/400/100 136/399/100 134/398/100 133/397/100
f 134/404/101 129/403/101 130/402/101 133/401/101
f 135/408/102 132/407/102 131/406/102 136/405/102
o galho
v -0.7366752833091825 3.672515884920009 -0.47331009448495975
v -0.7094900813936881 3.726214811482741 -0.45646847690160075
v 0.002477745259614612 3.160919848894717 -0.03522072428661667
v 0.029662947175109006 3.214618775457449 -0.018379106703257708
v -0.7416311151077829 3.7256758268258774 -0.4028689111633498
v -0.7688163170232772 3.6719769002631457 -0.4197105287467088
v -0.0024780865389857068 3.2140797908005854 0.03522045903499328
v -0.029663288454480102 3.1603808642378532 0.01837884145163432
vt 0.9375 0.5
vt 1 0.5
vt 1 0
vt 0.9375 0
vt 0.9375 0.5
vt 1 0.5
vt 1 0
vt 0.9375 0
vt 0.9375 0.5
vt 1 0.5
vt 1 0
vt 0.9375 0
vt 0.9375 0.5
vt 1 0.5
vt 1 0
vt 0.9375 0
vt 0.9375 0.5
vt 1 0.5
vt 1 0.46875
vt 0.9375 0.46875
vt 0.9375 0.5
vt 1 0.5
vt 1 0.46875
vt 0.9375 0.46875
vn 0.4349632306479098 0.8591828250037135 0.26946588133374394
vn -0.5142565394255154 -0.008623754509816884 0.8575930518120163
vn -0.4349632306479098 -0.8591828250037135 -0.26946588133374394
vn 0.5142565394255154 0.008623754509816884 -0.8575930518120163
vn -0.7391530285687978 0.5115960360252931 -0.43808937019834326
vn 0.7391530285687978 -0.5115960360252931 0.43808937019834326
usemtl m_626a75a0-d020-630f-372f-409208236c93
f 140/412/103 143/411/103 141/410/103 138/409/103
f 139/416/104 140/415/104 138/414/104 137/413/104
f 144/420/105 139/419/105 137/418/105 142/417/105
f 143/424/106 144/423/106 142/422/106 141/421/106
f 142/428/107 137/427/107 138/426/107 141/425/107
f 143/432/108 140/431/108 139/430/108 144/429/108
o folha
v -1.0146601983386838 3.5510307255834204 -0.969178406043397
v -0.5527884913615004 3.7106590176027847 -0.6906113859549408
v -1.0146601983386838 3.5510307255834204 -0.969178406043397
v -0.5527884913615004 3.7106590176027847 -0.6906113859549408
v -0.8741988285024476 3.705269171034149 -0.15461572857243083
v -1.336070535479631 3.545640879014784 -0.43318274866088696
v -0.8741988285024476 3.705269171034149 -0.15461572857243083
v -1.336070535479631 3.545640879014784 -0.43318274866088696
vt 1.5625 0.625
vt 2.1875 0.625
vt 2.1875 0.625
vt 1.5625 0.625
vt 1 0.625
vt 1.5625 0.625
vt 1.5625 0.625
vt 1 0.625
vt 0.375 0.625
vt 1 0.625
vt 1 0.625
vt 0.375 0.625
vt -0.1875 0.625
vt 0.375 0.625
vt 0.375 0.625
vt -0.1875 0.625
vt 0.375 0.90625
vt 1 0.90625
vt 1 0.625
vt 0.375 0.625
vt 0.3125 0.5625
vt 0.9375 0.5625
vt 0.9375 0.28125
vt 0.3125 0.28125
vn 0.821105256848327 0.28378363025664904 0.4952302579350343
vn -0.5142565394255154 -0.008623754509816872 0.8575930518120165
vn -0.821105256848327 -0.28378363025664904 -0.4952302579350343
vn 0.5142565394255154 0.008623754509816872 -0.8575930518120165
vn -0.24764161369635762 0.9588495617439224 -0.13885657747961358
vn 0.24764161369635762 -0.9588495617439224 0.13885657747961358
usemtl m_626a75a0-d020-630f-372f-409208236c93
f 148/436/109 151/435/109 149/434/109 146/433/109
f 147/440/110 148/439/110 146/438/110 145/437/110
f 152/444/111 147/443/111 145/442/111 150/441/111
f 151/448/112 152/447/112 150/446/112 149/445/112
f 150/452/113 145/451/113 146/450/113 149/449/113
f 151/456/114 148/455/114 147/454/114 152/453/114
o galho
v -0.6273711926761512 3.5006455448052827 0.7143516262496671
v -0.6088802694205145 3.5591042586602017 0.7022307957672768
v 0.012907015650620163 3.1558050624684064 0.027963355892772657
v 0.03139793890625672 3.2142637763233255 0.01584252541038239
v -0.6531853979405521 3.564035507866243 0.6584245363048339
v -0.6716763211961887 3.5055767940113234 0.6705453667872242
v -0.012907189613780831 3.2191950255293666 -0.0279637340520605
v -0.03139811286941739 3.160736311674447 -0.015842903569670233
vt 0.9375 0.5
vt 1 0.5
vt 1 0
vt 0.9375 0
vt 0.9375 0.5
vt 1 0.5
vt 1 0
vt 0.9375 0
vt 0.9375 0.5
vt 1 0.5
vt 1 0
vt 0.9375 0
vt 0.9375 0.5
vt 1 0.5
vt 1 0
vt 0.9375 0
vt 0.9375 0.5
vt 1 0.5
vt 1 0.46875
vt 0.9375 0.46875
vt 0.9375 0.5
vt 1 0.5
vt 1 0.46875
vt 0.9375 0.46875
vn 0.29585477209018446 0.9353394216787069 -0.1939332877182442
vn 0.7088820563206013 -0.0788999872966577 0.700900151399087
vn -0.29585477209018446 -0.9353394216787069 0.1939332877182442
vn -0.7088820563206013 0.0788999872966577 -0.700900151399087
vn -0.6402782083267712 0.3448404823368769 0.6863882703568949
vn 0.6402782083267712 -0.3448404823368769 -0.6863882703568949
usemtl m_626a75a0-d020-630f-372f-409208236c93
f 156/460/115 159/459/115 157/458/115 154/457/115
f 155/464/116 156/463/116 154/462/116 153/461/116
f 160/468/117 155/467/117 153/466/117 158/465/117
f 159/472/118 160/471/118 158/470/118 157/469/118
f 158/476/119 153/475/119 154/474/119 157/473/119
f 159/480/120 156/479/120 155/478/120 160/477/120
o folha
v -0.7650401778890115 3.2670860777671518 1.2285664307799684
v -0.39838279828576106 3.5218371157489923 0.8864107284606122
v -0.7650401778890115 3.2670860777671518 1.2285664307799684
v -0.39838279828576106 3.5218371157489923 0.8864107284606122
v -0.8414340834861368 3.5711496078094034 0.44834813383618316
v -1.2080914630893873 3.3163985698275624 0.7905038361555395
v -0.8414340834861368 3.5711496078094034 0.44834813383618316
v -1.2080914630893873 3.3163985698275624 0.7905038361555395
vt 1.5625 0.625
vt 2.1875 0.625
vt 2.1875 0.625
vt 1.5625 0.625
vt 1 0.625
vt 1.5625 0.625
vt 1.5625 0.625
vt 1 0.625
vt 0.375 0.625
vt 1 0.625
vt 1 0.625
vt 0.375 0.625
vt -0.1875 0.625
vt 0.375 0.625
vt 0.375 0.625
vt -0.1875 0.625
vt 0.375 0.90625
vt 1 0.90625
vt 1 0.625
vt 0.375 0.625
vt 0.3125 0.5625
vt 0.9375 0.5625
vt 0.9375 0.28125
vt 0.3125 0.28125
vn 0.65183534151689 0.45289073418993975 -0.6082768041233012
vn 0.7088820563206013 -0.07889998729665769 0.7009001513990871
vn -0.65183534151689 -0.45289073418993975 0.6082768041233012
vn -0.7088820563206013 0.07889998729665769 -0.7009001513990871
vn -0.26943815204279253 0.8880680012755132 0.3724759151063064
vn 0.26943815204279253 -0.8880680012755132 -0.3724759151063064
usemtl m_626a75a0-d020-630f-372f-409208236c93
f 164/484/121 167/483/121 165/482/121 162/481/121
f 163/488/122 164/487/122 162/486/122 161/485/122
f 168/492/123 163/491/123 161/490/123 166/489/123
f 167/496/124 168/495/124 166/494/124 165/493/124
f 166/500/125 161/499/125 162/498/125 165/497/125
f 167/504/126 164/503/126 163/502/126 168/501/126
o galho
v 0.7464588942660936 3.4335733049887196 0.6198387348492812
v 0.7421382354171548 3.492200800800815 0.5986161374136741
v 0.02364715229599411 3.1518795401751856 -0.011185677147053154
v 0.019326493447055348 3.210507035987281 -0.03240827458266021
v 0.6991645809747514 3.5048143022127882 0.6422098824465922
v 0.7034852398236902 3.446186806400693 0.6634324798821992
v -0.02364716099534805 3.223120537399254 0.011185470450257693
v -0.01932650214640929 3.164493041587159 0.032408067885864755
vt 0.9375 0.5
vt 1 0.5
vt 1 0
vt 0.9375 0
vt 0.9375 0.5
vt 1 0.5
vt 1 0
vt 0.9375 0
vt 0.9375 0.5
vt 1 0.5
vt 1 0
vt 0.9375 0
vt 0.9375 0.5
vt 1 0.5
vt 1 0
vt 0.9375 0
vt 0.9375 0.5
vt 1 0.5
vt 1 0.46875
vt 0.9375 0.46875
vt 0.9375 0.5
vt 1 0.5
vt 1 0.46875
vt 0.9375 0.46875
vn -0.0691305415830206 0.9380399329935248 -0.33956155896971285
vn 0.6875784710784542 -0.20181602259156817 -0.6974999205266874
vn 0.0691305415830206 -0.9380399329935248 0.33956155896971285
vn -0.6875784710784542 0.20181602259156817 0.6974999205266874
vn 0.7228117419701019 0.2816937648135351 0.6310244119963374
vn -0.7228117419701019 -0.2816937648135351 -0.6310244119963374
usemtl m_626a75a0-d020-630f-372f-409208236c93
f 172/508/127 175/507/127 173/506/127 170/505/127
f 171/512/128 172/511/128 170/510/128 169/509/128
f 176/516/129 171/515/129 169/514/129 174/513/129
f 175/520/130 176/519/130 174/518/130 173/517/130
f 174/524/131 169/523/131 170/522/131 173/521/131
f 175/528/132 172/527/132 171/526/132 176/525/132
o folha
v 1.2252666532120022 3.141706488201623 0.7730592640305087
v 0.9207631484571716 3.4216804029137857 0.39187889639233864
v 1.2252666532120022 3.141706488201623 0.7730592640305087
v 0.9207631484571716 3.4216804029137857 0.39187889639233864
v 0.4910266040331376 3.5478154170335157 0.8278163467215179
v 0.7955301087879685 3.2678415023213523 1.208996714359688
v 0.4910266040331376 3.5478154170335157 0.8278163467215179
v 0.7955301087879685 3.2678415023213523 1.208996714359688
vt 1.5625 0.625
vt 2.1875 0.625
vt 2.1875 0.625
vt 1.5625 0.625
vt 1 0.625
vt 1.5625 0.625
vt 1.5625 0.625
vt 1 0.625
vt 0.375 0.625
vt 1 0.625
vt 1 0.625
vt 0.375 0.625
vt -0.1875 0.625
vt 0.375 0.625
vt 0.375 0.625
vt -0.1875 0.625
vt 0.375 0.90625
vt 1 0.90625
vt 1 0.625
vt 0.375 0.625
vt 0.3125 0.5625
vt 0.9375 0.5625
vt 0.9375 0.28125
vt 0.3125 0.28125
vn -0.5413395640085887 0.4977314039327349 -0.677653986912303
vn 0.6875784710784542 -0.2018160225915682 -0.6974999205266874
vn 0.5413395640085887 -0.4977314039327349 0.677653986912303
vn -0.6875784710784542 0.2018160225915682 0.6974999205266874
vn 0.48392904701867834 0.8435245951153225 0.23297840004413575
vn -0.48392904701867834 -0.8435245951153225 -0.23297840004413575
usemtl m_626a75a0-d020-630f-372f-409208236c93
f 180/532/133 183/531/133 181/530/133 178/529/133
f 179/536/134 180/535/134 178/534/134 177/533/134
f 184/540/135 179/539/135 177/538/135 182/537/135
f 183/544/136 184/543/136 182/542/136 181/541/136
f 182/548/137 177/547/137 178/546/137 181/545/137
f 183/552/138 180/551/138 179/550/138 184/549/138