# Made in Blockbench 4.12.4
mtllib mamona3d.mtl

o caule1
v 0.03125 1.125 0.03125
v 0.03125 1.125 -0.03125
v 0.03125 -0.5 0.03125
v 0.03125 -0.5 -0.03125
v -0.03125 1.125 -0.03125
v -0.03125 1.125 0.03125
v -0.03125 -0.5 -0.03125
v -0.03125 -0.5 0.03125
vt 0 1
vt 0.0625 1
vt 0.0625 0.1875
vt 0 0.1875
vt 0 1
vt 0.0625 1
vt 0.0625 0.1875
vt 0 0.1875
vt 0 1
vt 0.0625 1
vt 0.0625 0.1875
vt 0 0.1875
vt 0 1
vt 0.0625 1
vt 0.0625 0.1875
vt 0 0.1875
vt 0 1
vt 0.0625 1
vt 0.0625 0.96875
vt 0 0.96875
vt 0 1
vt 0.0625 1
vt 0.0625 0.96875
vt 0 0.96875
vn 0 0 -1
vn 1 0 0
vn 0 0 1
vn -1 0 0
vn 0 1 0
vn 0 -1 0
usemtl m_d2c564f1-f41a-7b8f-1e1a-5e166d453640
f 4/4/1 7/3/1 5/2/1 2/1/1
f 3/8/2 4/7/2 2/6/2 1/5/2
f 8/12/3 3/11/3 1/10/3 6/9/3
f 7/16/4 8/15/4 6/14/4 5/13/4
f 6/20/5 1/19/5 2/18/5 5/17/5
f 7/24/6 4/23/6 3/22/6 8/21/6
o caule2
v 0.03125 2.625 0.03125
v 0.03125 2.625 -0.03125
v 0.03125 1.125 0.03125
v 0.03125 1.125 -0.03125
v -0.03125 2.625 -0.03125
v -0.03125 2.625 0.03125
v -0.03125 1.125 -0.03125
v -0.03125 1.125 0.03125
vt 0 1
vt 0.0625 1
vt 0.0625 0.25
vt 0 0.25
vt 0 1
vt 0.0625 1
vt 0.0625 0.25
vt 0 0.25
vt 0 1
vt 0.0625 1
vt 0.0625 0.25
vt 0 0.25
vt 0 1
vt 0.0625 1
vt 0.0625 0.25
vt 0 0.25
vt 0 1
vt 0.0625 1
vt 0.0625 0.96875
vt 0 0.96875
vt 0 1
vt 0.0625 1
vt 0.0625 0.96875
vt 0 0.96875
vn 0 0 -1
vn 1 0 0
vn 0 0 1
vn -1 0 0
vn 0 1 0
vn 0 -1 0
usemtl m_d2c564f1-f41a-7b8f-1e1a-5e166d453640
f 12/28/7 15/27/7 13/26/7 10/25/7
f 11/32/8 12/31/8 10/30/8 9/29/8
f 16/36/9 11/35/9 9/34/9 14/33/9
f 15/40/10 16/39/10 14/38/10 13/37/10
f 14/44/11 9/43/11 10/42/11 13/41/11
f 15/48/12 12/47/12 11/46/12 16/45/12
o galho
v 0.9775506915975491 2.652292406567883 -0.014559960093711685
v 0.962245889299272 2.7128874875196503 -0.014060769689728188
v 0.008104383924605357 2.407574015634736 -0.03149411724390083
v -0.007200418373671809 2.4681690965865033 -0.030994926839917333
v 0.9613419237483385 2.7121443752984113 0.048428274394089976
v 0.9766467260466156 2.651549294346644 0.04792908399010648
v -0.008104383924605357 2.467425984365264 0.03149411724390083
v 0.007200418373671809 2.4068309034134967 0.030994926839917333
vt 0.9375 0.5
vt 1 0.5
vt 1 0
vt 0.9375 0
vt 0.9375 0.5
vt 1 0.5
vt 1 0
vt 0.9375 0
vt 0.9375 0.5
vt 1 0.5
vt 1 0
vt 0.9375 0
vt 0.9375 0.5
vt 1 0.5
vt 1 0
vt 0.9375 0
vt 0.9375 0.5
vt 1 0.5
vt 1 0.46875
vt 0.9375 0.46875
vt 0.9375 0.5
vt 1 0.5
vt 1 0.46875
vt 0.9375 0.46875
vn -0.2448768367724348 0.9695212952282753 0.007987046463736042
vn 0.014463448814936795 0.011889795539826671 -0.9998247053410907
vn 0.2448768367724348 -0.9695212952282753 -0.007987046463736042
vn -0.014463448814936795 -0.011889795539826671 0.9998247053410907
vn 0.9694463076729439 0.2447183909331471 0.01693415715018915
vn -0.9694463076729439 -0.2447183909331471 -0.01693415715018915
usemtl m_d2c564f1-f41a-7b8f-1e1a-5e166d453640
f 20/52/13 23/51/13 21/50/13 18/49/13
f 19/56/14 20/55/14 18/54/14 17/53/14
f 24/60/15 19/59/15 17/58/15 22/57/15
f 23/64/16 24/63/16 22/62/16 21/61/16
f 22/68/17 17/67/17 18/66/17 21/65/17
f 23/72/18 20/71/18 19/70/18 24/69/18
o folha
v 1.4190478344455129 2.3958996322787374 -0.29252157161625786
v 0.9477848590147938 2.702994794378202 -0.29568691571905714
v 1.4190478344455129 2.3958996322787374 -0.29252157161625786
v 0.9477848590147938 2.702994794378202 -0.29568691571905714
v 0.9387452035054583 2.69556367216581 0.32920352511912443
v 1.4100081789361774 2.3884685100663456 0.3323688692219237
v 0.9387452035054583 2.69556367216581 0.32920352511912443
v 1.4100081789361774 2.3884685100663456 0.3323688692219237
vt 1.5625 0.625
vt 2.1875 0.625
vt 2.1875 0.625
vt 1.5625 0.625
vt 1 0.625
vt 1.5625 0.625
vt 1.5625 0.625
vt 1 0.625
vt 0.375 0.625
vt 1 0.625
vt 1 0.625
vt 0.375 0.625
vt -0.1875 0.625
vt 0.375 0.625
vt 0.375 0.625
vt -0.1875 0.625
vt 0.375 0.90625
vt 1 0.90625
vt 1 0.625
vt 0.375 0.625
vt 0.3125 0.5625
vt 0.9375 0.5625
vt 0.9375 0.28125
vt 0.3125 0.28125
vn -0.8378008452101672 0.5459469548434925 -0.005627278404976443
vn 0.014463448814936795 0.01188979553982667 -0.9998247053410907
vn 0.8378008452101672 -0.5459469548434925 0.005627278404976443
vn -0.014463448814936795 -0.01188979553982667 0.9998247053410907
vn 0.5457843460685797 0.83773537304995 0.017857556589692403
vn -0.5457843460685797 -0.83773537304995 -0.017857556589692403
usemtl m_d2c564f1-f41a-7b8f-1e1a-5e166d453640
f 28/76/19 31/75/19 29/74/19 26/73/19
f 27/80/20 28/79/20 26/78/20 25/77/20
f 32/84/21 27/83/21 25/82/21 30/81/21
f 31/88/22 32/87/22 30/86/22 29/85/22
f 30/92/23 25/91/23 26/90/23 29/89/23
f 31/96/24 28/95/24 27/94/24 32/93/24
o galho
v 0.0312545738671158 2.8259331162857886 -0.9220064886694062
v 0.031254293167865994 2.8827443956021233 -0.8959540695425263
v 0.03125002198633663 2.4090944102372416 -0.013026019616823358
v 0.03124974128708683 2.4659056895535763 0.013026399510056559
v -0.03124570683085618 2.882744259039493 -0.8959544451470087
v -0.03124542613160638 2.8259329797231585 -0.9220068642738886
v -0.031250258711635344 2.465905552990946 0.013026023905574112
v -0.03124997801238554 2.4090942736746115 -0.013026395221305805
vt 0.9375 0.5
vt 1 0.5
vt 1 0
vt 0.9375 0
vt 0.9375 0.5
vt 1 0.5
vt 1 0
vt 0.9375 0
vt 0.9375 0.5
vt 1 0.5
vt 1 0
vt 0.9375 0
vt 0.9375 0.5
vt 1 0.5
vt 1 0
vt 0.9375 0
vt 0.9375 0.5
vt 1 0.5
vt 1 0.46875
vt 0.9375 0.46875
vt 0.9375 0.5
vt 1 0.5
vt 1 0.46875
vt 0.9375 0.46875
vn 0.000004491187997040232 -0.9089804690613539 -0.41683870603007883
vn 0.9999999999795548 0.000002185002078027843 0.000006009671719000155
vn -0.000004491187997040232 0.9089804690613539 0.41683870603007883
vn -0.9999999999795548 -0.000002185002078027843 -0.000006009671719000155
vn 0.000004551880779240643 0.4168387060485469 -0.9089804690525829
vn -0.000004551880779240643 -0.4168387060485469 0.9089804690525829
usemtl m_d2c564f1-f41a-7b8f-1e1a-5e166d453640
f 36/100/25 39/99/25 37/98/25 34/97/25
f 35/104/26 36/103/26 34/102/26 33/101/26
f 40/108/27 35/107/27 33/106/27 38/105/27
f 39/112/28 40/111/28 38/110/28 37/109/28
f 38/116/29 33/115/29 34/114/29 37/113/29
f 39/120/30 36/119/30 35/118/30 40/117/30
o folha
v 0.3125078270082335 2.649984839311335 -1.3993516999767681
v 0.31250423389429993 2.86636022525017 -0.8801331117627968
v 0.3125078270082335 2.649984839311335 -1.3993516999767681
v 0.31250423389429993 2.86636022525017 -0.8801331117627968
v -0.31249576609292185 2.866358859623871 -0.8801368678076212
v -0.3124921729789883 2.6499834736850363 -1.3993554560215926
v -0.31249576609292185 2.866358859623871 -0.8801368678076212
v -0.3124921729789883 2.6499834736850363 -1.3993554560215926
vt 1.5625 0.625
vt 2.1875 0.625
vt 2.1875 0.625
vt 1.5625 0.625
vt 1 0.625
vt 1.5625 0.625
vt 1.5625 0.625
vt 1 0.625
vt 0.375 0.625
vt 1 0.625
vt 1 0.625
vt 0.375 0.625
vt -0.1875 0.625
vt 0.375 0.625
vt 0.375 0.625
vt -0.1875 0.625
vt 0.375 0.90625
vt 1 0.90625
vt 1 0.625
vt 0.375 0.625
vt 0.3125 0.5625
vt 0.9375 0.5625
vt 0.9375 0.28125
vt 0.3125 0.28125
vn 0.0000063877581042554005 -0.38466735278015124 -0.9230552679359494
vn 0.9999999999795548 0.0000021850020780278436 0.000006009671719000154
vn -0.0000063877581042554005 0.38466735278015124 0.9230552679359494
vn -0.9999999999795548 -0.0000021850020780278436 -0.000006009671719000154
vn 2.9484683260654104e-7 0.9230552679554657 -0.38466735278624403
vn -2.9484683260654104e-7 -0.9230552679554657 0.38466735278624403
usemtl m_d2c564f1-f41a-7b8f-1e1a-5e166d453640
f 44/124/31 47/123/31 45/122/31 42/121/31
f 43/128/32 44/127/32 42/126/32 41/125/32
f 48/132/33 43/131/33 41/130/33 46/129/33
f 47/136/34 48/135/34 46/134/34 45/133/34
f 46/140/35 41/139/35 42/138/35 45/137/35
f 47/144/36 44/143/36 43/142/36 48/141/36
o galho
v -0.9775515354232177 2.652288075274661 -0.014571432742670259
v -0.9622469912639399 2.7128832200838455 -0.014072079530327413
v -0.008104010397662658 2.407573715941085 -0.031494155862280535
v 0.0072005337616152035 2.468168860750269 -0.03099480264993769
v -0.961343755307381 2.712140128784747 0.0484169753523317
v -0.9766482994666589 2.6515449839755623 0.047917622139988854
v 0.008103769718174083 2.4674257694511703 0.031494252232721426
v -0.00720077444110378 2.406830624641986 0.03099489902037858
vt 0.9375 0.5
vt 1 0.5
vt 1 0
vt 0.9375 0
vt 0.9375 0.5
vt 1 0.5
vt 1 0
vt 0.9375 0
vt 0.9375 0.5
vt 1 0.5
vt 1 0
vt 0.9375 0
vt 0.9375 0.5
vt 1 0.5
vt 1 0
vt 0.9375 0
vt 0.9375 0.5
vt 1 0.5
vt 1 0.46875
vt 0.9375 0.46875
vt 0.9375 0.5
vt 1 0.5
vt 1 0.46875
vt 0.9375 0.46875
vn 0.24487270654844576 0.9695223169469519 0.007989651397485609
vn 0.01445177530494202 -0.011889460785578222 0.999824878122546
vn -0.24487270654844576 -0.9695223169469519 -0.007989651397485609
vn -0.01445177530494202 0.011889460785578222 -0.999824878122546
vn -0.9694475250255552 0.24471435933357646 0.01692272311961033
vn 0.9694475250255552 -0.24471435933357646 -0.01692272311961033
usemtl m_d2c564f1-f41a-7b8f-1e1a-5e166d453640
f 52/148/37 55/147/37 53/146/37 50/145/37
f 51/152/38 52/151/38 50/150/38 49/149/38
f 56/156/39 51/155/39 49/154/39 54/153/39
f 55/160/40 56/159/40 54/158/40 53/157/40
f 54/164/41 49/163/41 50/162/41 53/161/41
f 55/168/42 52/167/42 51/166/42 56/165/42
o folha
v -1.4190443516392632 2.3958933865097998 -0.2925381504151388
v -0.9477826177074368 2.7029905098202205 -0.2956980532668958
v -1.4190443516392632 2.3958933865097998 -0.2925381504151388
v -0.9477826177074368 2.7029905098202205 -0.2956980532668958
v -0.938750258141848 2.695559596829234 0.3291924955596953
v -1.4100119920736744 2.388462473518813 0.3323523984114523
v -0.938750258141848 2.695559596829234 0.3291924955596953
v -1.4100119920736744 2.388462473518813 0.3323523984114523
vt 1.5625 0.625
vt 2.1875 0.625
vt 2.1875 0.625
vt 1.5625 0.625
vt 1 0.625
vt 1.5625 0.625
vt 1.5625 0.625
vt 1 0.625
vt 0.375 0.625
vt 1 0.625
vt 1 0.625
vt 0.375 0.625
vt -0.1875 0.625
vt 0.375 0.625
vt 0.375 0.625
vt -0.1875 0.625
vt 0.375 0.90625
vt 1 0.90625
vt 1 0.625
vt 0.375 0.625
vt 0.3125 0.5625
vt 0.9375 0.5625
vt 0.9375 0.28125
vt 0.3125 0.28125
vn 0.8377986381010252 0.545950441440748 -0.00561760506979014
vn 0.01445177530494202 -0.011889460785578222 0.9998248781225458
vn -0.8377986381010252 -0.545950441440748 0.00561760506979014
vn -0.01445177530494202 0.011889460785578222 -0.9998248781225458
vn -0.54578804327926 0.8377331055968127 0.017850927161248677
vn 0.54578804327926 -0.8377331055968127 -0.017850927161248677
usemtl m_d2c564f1-f41a-7b8f-1e1a-5e166d453640
f 60/172/43 63/171/43 61/170/43 58/169/43
f 59/176/44 60/175/44 58/174/44 57/173/44
f 64/180/45 59/179/45 57/178/45 62/177/45
f 63/184/46 64/183/46 62/182/46 61/181/46
f 62/188/47 57/187/47 58/186/47 61/185/47
f 63/192/48 60/191/48 59/190/48 64/189/48
o galho
v 0.031243391092496634 2.825925524084899 0.9220100704588091
v 0.031243425929061732 2.882737017931576 0.8959581191517035
v 0.031249864218408533 2.4090943031765977 0.013026168932388626
v 0.031249899054973627 2.4659057970232743 -0.013025782374716997
v -0.031256574069619146 2.8827368809598912 0.8959577368827826
v -0.03125660890618424 2.8259253871132146 0.9220096881898882
v -0.03125010094370724 2.46590566005159 -0.013026164643637872
v -0.03125013578027234 2.4090941662049135 0.01302578666346775
vt 0.9375 0.5
vt 1 0.5
vt 1 0
vt 0.9375 0
vt 0.9375 0.5
vt 1 0.5
vt 1 0
vt 0.9375 0
vt 0.9375 0.5
vt 1 0.5
vt 1 0
vt 0.9375 0
vt 0.9375 0.5
vt 1 0.5
vt 1 0
vt 0.9375 0
vt 0.9375 0.5
vt 1 0.5
vt 1 0.46875
vt 0.9375 0.46875
vt 0.9375 0.5
vt 1 0.5
vt 1 0.46875
vt 0.9375 0.46875
vn 5.573850414700926e-7 0.9089839015468273 -0.41683122091368996
vn 0.9999999999788941 0.0000021915469472746477 0.000006116302733982236
vn -5.573850414700926e-7 -0.9089839015468273 0.41683122091368996
vn -0.9999999999788941 -0.0000021915469472746477 -0.000006116302733982236
vn -0.00000647312591195672 0.4168312209083015 0.9089839015264205
vn 0.00000647312591195672 -0.4168312209083015 -0.9089839015264205
usemtl m_d2c564f1-f41a-7b8f-1e1a-5e166d453640
f 68/196/49 71/195/49 69/194/49 66/193/49
f 67/200/50 68/199/50 66/198/50 65/197/50
f 72/204/51 67/203/51 65/202/51 70/201/51
f 71/208/52 72/207/52 70/206/52 69/205/52
f 70/212/53 65/211/53 66/210/53 69/209/53
f 71/216/54 68/215/54 67/214/54 72/213/54
o folha
v 0.31249085710613406 2.6499733181777008 1.3993572433090415
v 0.31249355858712013 2.866352979686882 0.8801404368804802
v 0.31249085710613406 2.6499733181777008 1.3993572433090415
v 0.31249355858712013 2.866352979686882 0.8801404368804802
v -0.31250644139968864 2.8663516099700397 0.8801366141912714
v -0.3125091428806747 2.6499719484608586 1.3993534206198328
v -0.31250644139968864 2.8663516099700397 0.8801366141912714
v -0.3125091428806747 2.6499719484608586 1.3993534206198328
vt 1.5625 0.625
vt 2.1875 0.625
vt 2.1875 0.625
vt 1.5625 0.625
vt 1 0.625
vt 1.5625 0.625
vt 1.5625 0.625
vt 1 0.625
vt 0.375 0.625
vt 1 0.625
vt 1 0.625
vt 0.375 0.625
vt -0.1875 0.625
vt 0.375 0.625
vt 0.375 0.625
vt -0.1875 0.625
vt 0.375 0.90625
vt 1 0.90625
vt 1 0.625
vt 0.375 0.625
vt 0.3125 0.5625
vt 0.9375 0.5625
vt 0.9375 0.28125
vt 0.3125 0.28125
vn 0.000004802632864189486 0.3846749537940997 -0.9230521003174424
vn 0.9999999999788941 0.0000021915469472746477 0.000006116302733982235
vn -0.000004802632864189486 -0.3846749537940997 0.9230521003174424
vn -0.9999999999788941 -0.0000021915469472746477 -0.000006116302733982235
vn -0.000004375700484300456 0.9230521003273349 0.38467495377545563
vn 0.000004375700484300456 -0.9230521003273349 -0.38467495377545563
usemtl m_d2c564f1-f41a-7b8f-1e1a-5e166d453640
f 76/220/55 79/219/55 77/218/55 74/217/55
f 75/224/56 76/223/56 74/222/56 73/221/56
f 80/228/57 75/227/57 73/226/57 78/225/57
f 79/232/58 80/231/58 78/230/58 77/229/58
f 78/236/59 73/235/59 74/234/59 77/233/59
f 79/240/60 76/239/60 75/238/60 80/237/60
o galho
v 0.5460543297940751 3.159993354594936 -0.42635783182468473
v 0.5155136584328189 3.201347473121421 -0.39081413655110325
v 0.03742273279049147 2.4143573171509924 0.004131190328584148
v 0.006882061429235414 2.4557114356774767 0.03967488560216564
v 0.471208504286434 3.2062786958616196 -0.4346203730745893
v 0.5017491756476901 3.1649245773351353 -0.47016406834817076
v -0.03742309271714966 2.460642658417676 -0.004131350921320385
v -0.006882421355893605 2.4192885398911916 -0.03967504619490187
vt 0.9375 0.5
vt 1 0.5
vt 1 0
vt 0.9375 0
vt 0.9375 0.5
vt 1 0.5
vt 1 0
vt 0.9375 0
vt 0.9375 0.5
vt 1 0.5
vt 1 0
vt 0.9375 0
vt 0.9375 0.5
vt 1 0.5
vt 1 0
vt 0.9375 0
vt 0.9375 0.5
vt 1 0.5
vt 1 0.46875
vt 0.9375 0.46875
vt 0.9375 0.5
vt 1 0.5
vt 1 0.46875
vt 0.9375 0.46875
vn 0.4886507417800969 -0.6616658964237532 -0.5686991243773041
vn 0.7088824663421612 -0.07889956384318435 0.7008997843757766
vn -0.4886507417800969 0.6616658964237532 0.5686991243773041
vn -0.7088824663421612 0.07889956384318435 -0.7008997843757766
vn 0.5086315970035834 0.745636037443944 -0.43048902215326895
vn -0.5086315970035834 -0.745636037443944 0.43048902215326895
usemtl m_d2c564f1-f41a-7b8f-1e1a-5e166d453640
f 84/244/61 87/243/61 85/242/61 82/241/61
f 83/248/62 84/247/62 82/246/62 81/245/62
f 88/252/63 83/251/63 81/250/63 86/249/63
f 87/256/64 88/255/64 86/254/64 85/253/64
f 86/260/65 81/259/65 82/258/65 85/257/65
f 87/264/66 84/263/66 83/262/66 88/261/66
o folha
v 1.1042000690419655 3.169167906130259 -0.5885577106605281
v 0.7081546653445454 3.1578512059624018 -0.18927557919524682
v 1.1042000690419655 3.169167906130259 -0.5885577106605281
v 0.7081546653445454 3.1578512059624018 -0.18927557919524682
v 0.2651031238806947 3.207163433364392 -0.627337944430107
v 0.6611485275781149 3.2184801335322493 -1.0266200758953883
v 0.2651031238806947 3.207163433364392 -0.627337944430107
v 0.6611485275781149 3.2184801335322493 -1.0266200758953883
vt 1.5625 0.625
vt 2.1875 0.625
vt 2.1875 0.625
vt 1.5625 0.625
vt 1 0.625
vt 1.5625 0.625
vt 1.5625 0.625
vt 1 0.625
vt 0.375 0.625
vt 1 0.625
vt 1 0.625
vt 0.375 0.625
vt -0.1875 0.625
vt 0.375 0.625
vt 0.375 0.625
vt -0.1875 0.625
vt 0.375 0.90625
vt 1 0.90625
vt 1 0.625
vt 0.375 0.625
vt 0.3125 0.5625
vt 0.9375 0.5625
vt 0.9375 0.28125
vt 0.3125 0.28125
vn 0.7040807176843027 0.020118578076190635 -0.7098349003827225
vn 0.7088824663421612 -0.07889956384318436 0.7008997843757767
vn -0.7040807176843027 -0.020118578076190635 0.7098349003827225
vn -0.7088824663421612 0.07889956384318436 -0.7008997843757767
vn 0.04190455700531752 0.9966795380871163 0.06981336878163517
vn -0.04190455700531752 -0.9966795380871163 -0.06981336878163517
usemtl m_d2c564f1-f41a-7b8f-1e1a-5e166d453640
f 92/268/67 95/267/67 93/266/67 90/265/67
f 91/272/68 92/271/68 90/270/68 89/269/68
f 96/276/69 91/275/69 89/274/69 94/273/69
f 95/280/70 96/279/70 94/278/70 93/277/70
f 94/284/71 89/283/71 90/282/71 93/281/71
f 95/288/72 92/287/72 91/286/72 96/285/72
o galho
v -0.5298295700157033 3.1132351537444354 -0.5144082487535926
v -0.4998733061826642 3.1579834992555407 -0.48268352919322344
v 0.006725958625331791 2.4165055356264955 -0.038303214205575864
v 0.036682222458370814 2.461253881137601 -0.006578494645206749
v -0.5432817705123906 3.155223753607997 -0.43780214075106694
v -0.5732380343454296 3.1104754080968915 -0.4695268603114361
v -0.006726241871355453 2.458494135490057 0.03830289379694979
v -0.03668250570439448 2.4137457899789516 0.006578174236580668
vt 0.9375 0.5
vt 1 0.5
vt 1 0
vt 0.9375 0
vt 0.9375 0.5
vt 1 0.5
vt 1 0
vt 0.9375 0
vt 0.9375 0.5
vt 1 0.5
vt 1 0
vt 0.9375 0
vt 0.9375 0.5
vt 1 0.5
vt 1 0
vt 0.9375 0
vt 0.9375 0.5
vt 1 0.5
vt 1 0.46875
vt 0.9375 0.46875
vt 0.9375 0.5
vt 1 0.5
vt 1 0.46875
vt 0.9375 0.46875
vn 0.4793002213286245 0.7159735281776904 0.5075955129659064
vn -0.6945354292756206 -0.044155930360702304 0.7181022150745049
vn -0.4793002213286245 -0.7159735281776904 -0.5075955129659064
vn 0.6945354292756206 0.044155930360702304 -0.7181022150745049
vn -0.5365555286410355 0.6967296181179403 -0.4761050345480165
vn 0.5365555286410355 -0.6967296181179403 0.4761050345480165
usemtl m_d2c564f1-f41a-7b8f-1e1a-5e166d453640
f 100/292/73 103/291/73 101/290/73 98/289/73
f 99/296/74 100/295/74 98/294/74 97/293/74
f 104/300/75 99/299/75 97/298/75 102/297/75
f 103/304/76 104/303/76 102/302/76 101/301/76
f 102/308/77 97/307/77 98/306/77 101/305/77
f 103/312/78 100/311/78 99/310/78 104/309/78
o folha
v -0.6999761843229994 3.119893931787931 -1.070218854666742
v -0.2971331818090871 3.149683137803701 -0.678764682980546
v -0.6999761843229994 3.119893931787931 -1.070218854666742
v -0.2971331818090871 3.149683137803701 -0.678764682980546
v -0.7312178251063498 3.1220856813282616 -0.22995079855898065
v -1.134060827620262 3.0922964753124917 -0.6214049702451767
v -0.7312178251063498 3.1220856813282616 -0.22995079855898065
v -1.134060827620262 3.0922964753124917 -0.6214049702451767
vt 1.5625 0.625
vt 2.1875 0.625
vt 2.1875 0.625
vt 1.5625 0.625
vt 1 0.625
vt 1.5625 0.625
vt 1.5625 0.625
vt 1 0.625
vt 0.375 0.625
vt 1 0.625
vt 1 0.625
vt 0.375 0.625
vt -0.1875 0.625
vt 0.375 0.625
vt 0.375 0.625
vt -0.1875 0.625
vt 0.375 0.90625
vt 1 0.90625
vt 1 0.625
vt 0.375 0.625
vt 0.3125 0.5625
vt 0.9375 0.5625
vt 0.9375 0.28125
vt 0.3125 0.28125
vn 0.716165337802511 0.05295858847247959 0.6959185274421267
vn -0.6945354292756206 -0.04415593036070228 0.7181022150745048
vn -0.716165337802511 -0.05295858847247959 -0.6959185274421267
vn 0.6945354292756206 0.04415593036070228 -0.7181022150745048
vn -0.06875860972376388 0.9976199886334391 -0.005158669195807317
vn 0.06875860972376388 -0.9976199886334391 0.005158669195807317
usemtl m_d2c564f1-f41a-7b8f-1e1a-5e166d453640
f 108/316/79 111/315/79 109/314/79 106/313/79
f 107/320/80 108/319/80 106/318/80 105/317/80
f 112/324/81 107/323/81 105/322/81 110/321/81
f 111/328/82 112/327/82 110/326/82 109/325/82
f 110/332/83 105/331/83 106/330/83 109/329/83
f 111/336/84 108/335/84 107/334/84 112/333/84
o galho
v -0.36747365954073197 3.2201560255975523 0.5043469006610148
v -0.3299770226111475 3.2570293835842445 0.470574016719069
v 0.003404157960308137 2.4165977842234936 0.038789388418441366
v 0.04090079488989264 2.453471142210186 0.00501650447649551
v -0.37428217064998204 3.2619606111035404 0.4267677745564515
v -0.41177880757956653 3.2250872531168477 0.46054065849839737
v -0.0034043531489419475 2.4584023697294812 -0.03878973768612206
v -0.040900990078526454 2.421529011742789 -0.005016853744176199
vt 0.9375 0.5
vt 1 0.5
vt 1 0
vt 0.9375 0
vt 0.9375 0.5
vt 1 0.5
vt 1 0
vt 0.9375 0
vt 0.9375 0.5
vt 1 0.5
vt 1 0
vt 0.9375 0
vt 0.9375 0.5
vt 1 0.5
vt 1 0
vt 0.9375 0
vt 0.9375 0.5
vt 1 0.5
vt 1 0.46875
vt 0.9375 0.46875
vt 0.9375 0.5
vt 1 0.5
vt 1 0.46875
vt 0.9375 0.46875
vn 0.5999461908733521 0.5899737277870791 -0.5403661430711338
vn 0.7088823686213535 -0.07889964030872919 0.7008998746018813
vn -0.5999461908733521 -0.5899737277870791 0.5403661430711338
vn -0.7088823686213535 0.07889964030872919 -0.7008998746018813
vn -0.3708778175010401 0.8035582413740594 0.4655575122425737
vn 0.3708778175010401 -0.8035582413740594 -0.4655575122425737
usemtl m_d2c564f1-f41a-7b8f-1e1a-5e166d453640
f 116/340/85 119/339/85 117/338/85 114/337/85
f 115/344/86 116/343/86 114/342/86 113/341/86
f 120/348/87 115/347/87 113/346/87 118/345/87
f 119/352/88 120/351/88 118/350/88 117/349/88
f 118/356/89 113/355/89 114/354/89 117/353/89
f 119/360/90 116/359/90 115/358/90 120/357/90
o folha
v -0.5171501259123634 3.2759458859591826 1.0632781005650302
v -0.12771700131229113 3.2128996098596496 0.662312692413397
v -0.5171501259123634 3.2759458859591826 1.0632781005650302
v -0.12771700131229113 3.2128996098596496 0.662312692413397
v -0.5707684817006371 3.2622118850526056 0.22425027078722126
v -0.9602016063007093 3.325258161152138 0.6252156789388545
v -0.5707684817006371 3.2622118850526056 0.22425027078722126
v -0.9602016063007093 3.325258161152138 0.6252156789388545
vt 1.5625 0.625
vt 2.1875 0.625
vt 2.1875 0.625
vt 1.5625 0.625
vt 1 0.625
vt 1.5625 0.625
vt 1.5625 0.625
vt 1 0.625
vt 0.375 0.625
vt 1 0.625
vt 1 0.625
vt 0.375 0.625
vt -0.1875 0.625
vt 0.375 0.625
vt 0.375 0.625
vt -0.1875 0.625
vt 0.375 0.90625
vt 1 0.90625
vt 1 0.625
vt 0.375 0.625
vt 0.3125 0.5625
vt 0.9375 0.5625
vt 0.9375 0.28125
vt 0.3125 0.28125
vn 0.6923255548445733 -0.11208226862139174 -0.7128273922695707
vn 0.7088823686213533 -0.07889964030872919 0.7008998746018813
vn -0.6923255548445733 0.11208226862139174 0.7128273922695707
vn -0.7088823686213533 0.07889964030872919 -0.7008998746018813
vn 0.13480027287410612 0.990561664824475 -0.024828906807008628
vn -0.13480027287410612 -0.990561664824475 0.024828906807008628
usemtl m_d2c564f1-f41a-7b8f-1e1a-5e166d453640
f 124/364/91 127/363/91 125/362/91 122/361/91
f 123/368/92 124/367/92 122/366/92 121/365/92
f 128/372/93 123/371/93 121/370/93 126/369/93
f 127/376/94 128/375/94 126/374/94 125/373/94
f 126/380/95 121/379/95 122/378/95 125/377/95
f 127/384/96 124/383/96 123/382/96 128/381/96
o galho
v 0.5160829785145251 3.115931740803931 0.5247302590840076
v 0.4841868770145216 3.1605244698747788 0.4947239726907294
v 0.03829281364144847 2.416512292360248 -0.0068043056333706355
v 0.006396712141445065 2.461105021431096 -0.03681059202664877
v 0.4394973198992586 3.1579072979708664 0.5383386937842664
v 0.47139342139926205 3.1133145689000186 0.5683449801775445
v -0.038292844973817894 2.4584878495271836 0.006804129066888228
v -0.006396743473814489 2.4138951204563357 0.03681041546016636
vt 0.9375 0.5
vt 1 0.5
vt 1 0
vt 0.9375 0
vt 0.9375 0.5
vt 1 0.5
vt 1 0
vt 0.9375 0
vt 0.9375 0.5
vt 1 0.5
vt 1 0
vt 0.9375 0
vt 0.9375 0.5
vt 1 0.5
vt 1 0
vt 0.9375 0
vt 0.9375 0.5
vt 1 0.5
vt 1 0.46875
vt 0.9375 0.46875
vt 0.9375 0.5
vt 1 0.5
vt 1 0.46875
vt 0.9375 0.46875
vn -0.5103376240000543 0.713483665133568 -0.4801005822924502
vn 0.7150329138442072 0.04187475046260012 -0.6978355374965921
vn 0.5103376240000543 -0.713483665133568 0.4801005822924502
vn -0.7150329138442072 -0.04187475046260012 0.6978355374965921
vn 0.47779016487307635 0.699419448443683 0.5315345647173783
vn -0.47779016487307635 -0.699419448443683 -0.5315345647173783
usemtl m_d2c564f1-f41a-7b8f-1e1a-5e166d453640
f 132/388/97 135/387/97 133/386/97 130/385/97
f 131/392/98 132/391/98 130/390/98 129/389/98
f 136/396/99 131/395/99 129/394/99 134/393/99
f 135/400/100 136/399/100 134/398/100 133/397/100
f 134/404/101 129/403/101 130/402/101 133/401/101
f 135/408/102 132/407/102 131/406/102 136/405/102
o folha
v 1.0726221016740647 3.1238124120169335 0.6924256339303472
v 0.6793918073190385 3.151546141665198 0.29116882608622285
v 1.0726221016740647 3.1238124120169335 0.6924256339303472
v 0.6793918073190385 3.151546141665198 0.29116882608622285
v 0.23249623616640894 3.125374422626073 0.7273160370215929
v 0.625726530521435 3.097640692977808 1.128572844865717
v 0.23249623616640894 3.125374422626073 0.7273160370215929
v 0.625726530521435 3.097640692977808 1.128572844865717
vt 1.5625 0.625
vt 2.1875 0.625
vt 2.1875 0.625
vt 1.5625 0.625
vt 1 0.625
vt 1.5625 0.625
vt 1.5625 0.625
vt 1 0.625
vt 0.375 0.625
vt 1 0.625
vt 1 0.625
vt 0.375 0.625
vt -0.1875 0.625
vt 0.375 0.625
vt 0.375 0.625
vt -0.1875 0.625
vt 0.375 0.90625
vt 1 0.90625
vt 1 0.625
vt 0.375 0.625
vt 0.3125 0.5625
vt 0.9375 0.5625
vt 0.9375 0.28125
vt 0.3125 0.28125
vn -0.6990760788533796 0.049304408263581706 -0.7133454361673324
vn 0.7150329138442072 0.04187475046260012 -0.6978355374965921
vn 0.6990760788533796 -0.049304408263581706 0.7133454361673324
vn -0.7150329138442072 -0.04187475046260012 0.6978355374965921
vn 0.004535206108426126 0.9979055970378525 0.06452791106243151
vn -0.004535206108426126 -0.9979055970378525 -0.06452791106243151
usemtl m_d2c564f1-f41a-7b8f-1e1a-5e166d453640
f 140/412/103 143/411/103 141/410/103 138/409/103
f 139/416/104 140/415/104 138/414/104 137/413/104
f 144/420/105 139/419/105 137/418/105 142/417/105
f 143/424/106 144/423/106 142/422/106 141/421/106
f 142/428/107 137/427/107 138/426/107 141/425/107
f 143/432/108 140/431/108 139/430/108 144/429/108
o galho
v 0.9851174738858061 1.6399483528625647 -0.15968231049093695
v 0.9780485281202044 1.7020344003784715 -0.16094829217149864
v -0.0004110945349390348 1.5303760173420897 -0.03034807637194852
v -0.007480040300540645 1.5924620648579968 -0.03161405805251023
v 0.9859396629556841 1.7041963181783852 -0.09898615774703991
v 0.9930086087212858 1.6421102706624784 -0.09772017606647819
v 0.0004110945349390348 1.5946239826579103 0.03034807637194852
v 0.007480040300540645 1.5325379351420032 0.03161405805251023
vt 0.9375 0.5
vt 1 0.5
vt 1 0
vt 0.9375 0
vt 0.9375 0.5
vt 1 0.5
vt 1 0
vt 0.9375 0
vt 0.9375 0.5
vt 1 0.5
vt 1 0
vt 0.9375 0
vt 0.9375 0.5
vt 1 0.5
vt 1 0
vt 0.9375 0
vt 0.9375 0.5
vt 1 0.5
vt 1 0.46875
vt 0.9375 0.46875
vt 0.9375 0.5
vt 1 0.5
vt 1 0.46875
vt 0.9375 0.46875
vn -0.11310313224962568 0.9933767602545126 -0.020255706888987576
vn -0.12625815736767482 -0.034590684798618064 -0.9913941507913401
vn 0.11310313224962568 -0.9933767602545126 0.020255706888987576
vn 0.12625815736767482 0.034590684798618064 0.9913941507913401
vn 0.9855285684207452 0.10957233552047509 -0.12933423411898848
vn -0.9855285684207452 -0.10957233552047509 0.12933423411898848
usemtl m_d2c564f1-f41a-7b8f-1e1a-5e166d453640
f 148/436/109 151/435/109 149/434/109 146/433/109
f 147/440/110 148/439/110 146/438/110 145/437/110
f 152/444/111 147/443/111 145/442/111 150/441/111
f 151/448/112 152/447/112 150/446/112 149/445/112
f 150/452/113 145/451/113 146/450/113 149/449/113
f 151/456/114 148/455/114 147/454/114 152/453/114
o folha
v 1.3455402300448558 1.313193144085166 -0.4778742489657573
v 0.9225748156667873 1.6817374290171268 -0.4368667096104307
v 1.3455402300448558 1.313193144085166 -0.4778742489657573
v 0.9225748156667873 1.6817374290171268 -0.4368667096104307
v 1.0014861640215842 1.7033566070162631 0.18275463463415687
v 1.4244515783996525 1.3348123220843027 0.14174709527883028
v 1.0014861640215842 1.7033566070162631 0.18275463463415687
v 1.4244515783996525 1.3348123220843027 0.14174709527883028
vt 1.5625 0.625
vt 2.1875 0.625
vt 2.1875 0.625
vt 1.5625 0.625
vt 1 0.625
vt 1.5625 0.625
vt 1.5625 0.625
vt 1 0.625
vt 0.375 0.625
vt 1 0.625
vt 1 0.625
vt 0.375 0.625
vt -0.1875 0.625
vt 0.375 0.625
vt 0.375 0.625
vt -0.1875 0.625
vt 0.375 0.90625
vt 1 0.90625
vt 1 0.625
vt 0.375 0.625
vt 0.3125 0.5625
vt 0.9375 0.5625
vt 0.9375 0.28125
vt 0.3125 0.28125
vn -0.7519385144498995 0.6551898398790411 0.07290229218724718
vn -0.12625815736767482 -0.03459068479861806 -0.99139415079134
vn 0.7519385144498995 -0.6551898398790411 -0.07290229218724718
vn 0.12625815736767482 0.03459068479861806 0.99139415079134
vn 0.6470296347038502 0.7546719540598016 -0.10873313005042733
vn -0.6470296347038502 -0.7546719540598016 0.10873313005042733
usemtl m_d2c564f1-f41a-7b8f-1e1a-5e166d453640
f 156/460/115 159/459/115 157/458/115 154/457/115
f 155/464/116 156/463/116 154/462/116 153/461/116
f 160/468/117 155/467/117 153/466/117 158/465/117
f 159/472/118 160/471/118 158/470/118 157/469/118
f 158/476/119 153/475/119 154/474/119 157/473/119
f 159/480/120 156/479/120 155/478/120 160/477/120
o galho
v -0.04977124061632688 1.901643896802561 -0.9404559214724938
v -0.03868490953833754 1.9590149248594178 -0.9182769133132326
v 0.025121978045927886 1.5295167236980671 -0.015300597845338803
v 0.03620830912391722 1.5868877517549238 0.006878410313922464
v -0.10001543317566872 1.9676104457679293 -0.9098546873199395
v -0.11110176425365806 1.9102394177110726 -0.9320336954792007
v -0.025122214513413958 1.5954832726634354 0.01530063630721564
v -0.036208545591403296 1.5381122446065787 -0.006878371852045628
vt 0.9375 0.5
vt 1 0.5
vt 1 0
vt 0.9375 0
vt 0.9375 0.5
vt 1 0.5
vt 1 0
vt 0.9375 0
vt 0.9375 0.5
vt 1 0.5
vt 1 0
vt 0.9375 0
vt 0.9375 0.5
vt 1 0.5
vt 1 0
vt 0.9375 0
vt 0.9375 0.5
vt 1 0.5
vt 1 0.46875
vt 0.9375 0.46875
vt 0.9375 0.5
vt 1 0.5
vt 1 0.46875
vt 0.9375 0.46875
vn -0.17738129724782936 -0.917936448909706 -0.35486413054818006
vn 0.9812883781972989 -0.13752833453618435 -0.13475561589269092
vn 0.17738129724782936 0.917936448909706 0.35486413054818006
vn -0.9812883781972989 0.13752833453618435 0.13475561589269092
vn -0.07489321866225458 0.37212717310449406 -0.925155323627155
vn 0.07489321866225458 -0.37212717310449406 0.925155323627155
usemtl m_d2c564f1-f41a-7b8f-1e1a-5e166d453640
f 164/484/121 167/483/121 165/482/121 162/481/121
f 163/488/122 164/487/122 162/486/122 161/485/122
f 168/492/123 163/491/123 161/490/123 166/489/123
f 167/496/124 168/495/124 166/494/124 165/493/124
f 166/500/125 161/499/125 162/498/125 165/497/125
f 167/504/126 164/503/126 163/502/126 168/501/126
o folha
v 0.135548805709431 1.6676797207095504 -1.4392914495433689
v 0.23741872103073025 1.9048242635681663 -0.9395002569991128
v 0.135548805709431 1.6676797207095504 -1.4392914495433689
v 0.23741872103073025 1.9048242635681663 -0.9395002569991128
v -0.37588651534258155 1.9907794726532815 -0.855277997066181
v -0.4777564306638808 1.7536349297946658 -1.355069189610437
v -0.37588651534258155 1.9907794726532815 -0.855277997066181
v -0.4777564306638808 1.7536349297946658 -1.355069189610437
vt 1.5625 0.625
vt 2.1875 0.625
vt 2.1875 0.625
vt 1.5625 0.625
vt 1 0.625
vt 1.5625 0.625
vt 1.5625 0.625
vt 1 0.625
vt 0.375 0.625
vt 1 0.625
vt 1 0.625
vt 0.375 0.625
vt -0.1875 0.625
vt 0.375 0.625
vt 0.375 0.625
vt -0.1875 0.625
vt 0.375 0.90625
vt 1 0.90625
vt 1 0.625
vt 0.375 0.625
vt 0.3125 0.5625
vt 0.9375 0.5625
vt 0.9375 0.28125
vt 0.3125 0.28125
vn -0.18110207168230974 -0.42159029841531676 -0.8885176756342329
vn 0.9812883781972989 -0.13752833453618438 -0.13475561589269092
vn 0.18110207168230974 0.42159029841531676 0.8885176756342329
vn -0.9812883781972989 0.13752833453618438 0.13475561589269092
vn 0.0653846958185985 0.8962965901317419 -0.4386083264952021
vn -0.0653846958185985 -0.8962965901317419 0.4386083264952021
usemtl m_d2c564f1-f41a-7b8f-1e1a-5e166d453640
f 172/508/127 175/507/127 173/506/127 170/505/127
f 171/512/128 172/511/128 170/510/128 169/509/128
f 176/516/129 171/515/129 169/514/129 174/513/129
f 175/520/130 176/519/130 174/518/130 173/517/130
f 174/524/131 169/523/131 170/522/131 173/521/131
f 175/528/132 172/527/132 171/526/132 176/525/132
o galho
v -0.9334015881164617 1.908830259516912 0.10377897178751604
v -0.9104339413344995 1.96670665066262 0.09838818805525558
v -0.0163162295250947 1.5326048719233407 -0.02816382940834755
v 0.006651417256867532 1.5904812630690488 -0.033554613140608
v -0.9007694184645245 1.9686200438415196 0.16010679079574763
v -0.9237370652464867 1.9107436526958113 0.16549757452800806
v 0.016315940126842565 1.592394656247948 0.028163989599884046
v -0.006651706655119669 1.53451826510224 0.033554773332144495
vt 0.9375 0.5
vt 1 0.5
vt 1 0
vt 0.9375 0
vt 0.9375 0.5
vt 1 0.5
vt 1 0
vt 0.9375 0
vt 0.9375 0.5
vt 1 0.5
vt 1 0
vt 0.9375 0
vt 0.9375 0.5
vt 1 0.5
vt 1 0
vt 0.9375 0
vt 0.9375 0.5
vt 1 0.5
vt 1 0.46875
vt 0.9375 0.46875
vt 0.9375 0.5
vt 1 0.5
vt 1 0.46875
vt 0.9375 0.46875
vn 0.3674823485113957 0.9260222583313321 -0.08625253971616728
vn 0.15463236591960045 0.03061429086238917 0.9874976438478726
vn -0.3674823485113957 -0.9260222583313321 0.08625253971616728
vn -0.15463236591960045 -0.03061429086238917 -0.9874976438478726
vn -0.917085358591367 0.3762253875935713 0.1319428011958636
vn 0.917085358591367 -0.3762253875935713 -0.1319428011958636
usemtl m_d2c564f1-f41a-7b8f-1e1a-5e166d453640
f 180/532/133 183/531/133 181/530/133 178/529/133
f 179/536/134 180/535/134 178/534/134 177/533/134
f 184/540/135 179/539/135 177/538/135 182/537/135
f 183/544/136 184/543/136 182/542/136 181/541/136
f 182/548/137 177/547/137 178/546/137 181/545/137
f 183/552/138 180/551/138 179/550/138 184/549/138
o folha
v -1.4394465864863593 1.70351121281694 -0.09542491376152679
v -0.9375235018258982 1.9424315371357648 -0.1814280864490226
v -1.4394465864863593 1.70351121281694 -0.09542491376152679
v -0.9375235018258982 1.9424315371357648 -0.1814280864490226
v -0.8408782731261479 1.9615654689247581 0.4357579409558978
v -1.342801357786609 1.7226451446059334 0.5217611136433936
v -0.8408782731261479 1.9615654689247581 0.4357579409558978
v -1.342801357786609 1.7226451446059334 0.5217611136433936
vt 1.5625 0.625
vt 2.1875 0.625
vt 2.1875 0.625
vt 1.5625 0.625
vt 1 0.625
vt 1.5625 0.625
vt 1.5625 0.625
vt 1 0.625
vt 0.375 0.625
vt 1 0.625
vt 1 0.625
vt 0.375 0.625
vt -0.1875 0.625
vt 0.375 0.625
vt 0.375 0.625
vt -0.1875 0.625
vt 0.375 0.90625
vt 1 0.90625
vt 1 0.625
vt 0.375 0.625
vt 0.3125 0.5625
vt 0.9375 0.5625
vt 0.9375 0.28125
vt 0.3125 0.28125
vn 0.8923077060630419 0.42474724323346635 -0.15289452922221491
vn 0.15463236591960042 0.030614290862389162 0.9874976438478726
vn -0.8923077060630419 -0.42474724323346635 0.15289452922221491
vn -0.15463236591960042 -0.030614290862389162 -0.9874976438478726
vn -0.4241176595128041 0.9047942001143485 0.03836230348685359
vn 0.4241176595128041 -0.9047942001143485 -0.03836230348685359
usemtl m_d2c564f1-f41a-7b8f-1e1a-5e166d453640
f 188/556/139 191/555/139 189/554/139 186/553/139
f 187/560/140 188/559/140 186/558/140 185/557/140
f 192/564/141 187/563/141 185/562/141 190/561/141
f 191/568/142 192/567/142 190/566/142 189/565/142
f 190/572/143 185/571/143 186/570/143 189/569/143
f 191/576/144 188/575/144 187/574/144 192/573/144
o galho
v 0.212107277161251 1.9834648344176777 0.8830357968021358
v 0.21579399133617688 2.0385239372922013 0.8536903826928577
v 0.02882178699727957 1.5306726866394815 0.010461616571159241
v 0.03250850117220548 1.5857317895140053 -0.018883797538118967
v 0.15446346669920574 2.047119457500217 0.8621126021216943
v 0.15077675252427986 1.9920603546256934 0.8914580162309724
v -0.02882202346476564 1.594327309722021 -0.010461578109282405
v -0.03250873763969156 1.5392682068474972 0.018883835999995803
vt 0.9375 0.5
vt 1 0.5
vt 1 0
vt 0.9375 0
vt 0.9375 0.5
vt 1 0.5
vt 1 0
vt 0.9375 0
vt 0.9375 0.5
vt 1 0.5
vt 1 0
vt 0.9375 0
vt 0.9375 0.5
vt 1 0.5
vt 1 0
vt 0.9375 0
vt 0.9375 0.5
vt 1 0.5
vt 1 0.46875
vt 0.9375 0.46875
vt 0.9375 0.5
vt 1 0.5
vt 1 0.46875
vt 0.9375 0.46875
vn 0.058987426798814704 0.8809456459923781 -0.46952662574845133
vn 0.981288394191538 -0.13752832332825085 -0.13475551086138507
vn -0.058987426798814704 -0.8809456459923781 0.46952662574845133
vn -0.981288394191538 0.13752832332825085 0.13475551086138507
vn 0.18328549016397142 0.45279214777819626 0.8725741802309765
vn -0.18328549016397142 -0.45279214777819626 -0.8725741802309765
usemtl m_d2c564f1-f41a-7b8f-1e1a-5e166d453640
f 196/580/145 199/579/145 197/578/145 194/577/145
f 195/584/146 196/583/146 194/582/146 193/581/146
f 200/588/147 195/587/147 193/586/147 198/585/147
f 199/592/148 200/591/148 198/590/148 197/589/148
f 198/596/149 193/595/149 194/594/149 197/593/149
f 199/600/150 196/599/150 195/598/150 200/597/150
o folha
v 0.5330082271078562 1.7918613563124208 1.3282664413361185
v 0.48740445205668564 1.9829294383663074 0.8011805529637095
v 0.5330082271078562 1.7918613563124208 1.3282664413361185
v 0.48740445205668564 1.9829294383663074 0.8011805529637095
v -0.12590079431302564 2.068884640446464 0.8854027472520751
v -0.08029701926185512 1.8778165583925777 1.412488635624484
v -0.12590079431302564 2.068884640446464 0.8854027472520751
v -0.08029701926185512 1.8778165583925777 1.412488635624484
vt 1.5625 0.625
vt 2.1875 0.625
vt 2.1875 0.625
vt 1.5625 0.625
vt 1 0.625
vt 1.5625 0.625
vt 1.5625 0.625
vt 1 0.625
vt 0.375 0.625
vt 1 0.625
vt 1 0.625
vt 0.375 0.625
vt -0.1875 0.625
vt 0.375 0.625
vt 0.375 0.625
vt -0.1875 0.625
vt 0.375 0.90625
vt 1 0.90625
vt 1 0.625
vt 0.375 0.625
vt 0.3125 0.5625
vt 0.9375 0.5625
vt 0.9375 0.28125
vt 0.3125 0.28125
vn -0.08107337786874758 0.3396765903180206 -0.9370415793287271
vn 0.981288394191538 -0.13752832332825085 -0.13475551086138507
vn 0.08107337786874758 -0.3396765903180206 0.9370415793287271
vn -0.981288394191538 0.13752832332825085 0.13475551086138507
vn 0.1746430497498943 0.9304331111221504 0.32217081013278076
vn -0.1746430497498943 -0.9304331111221504 -0.32217081013278076
usemtl m_d2c564f1-f41a-7b8f-1e1a-5e166d453640
f 204/604/151 207/603/151 205/602/151 202/601/151
f 203/608/152 204/607/152 202/606/152 201/605/152
f 208/612/153 203/611/153 201/610/153 206/609/153
f 207/616/154 208/615/154 206/614/154 205/613/154
f 206/620/155 201/619/155 202/618/155 205/617/155
f 207/624/156 204/623/156 203/622/156 208/621/156
o galho
v 0.5692225605469525 2.183390759302146 -0.5407710429160588
v 0.5496782254021018 2.230088291999106 -0.5041157649364536
v 0.03430016012244063 1.5346367872013904 0.0005018173010128195
v 0.014755824977589862 1.58133431989835 0.037157095280618085
v 0.5006218611264119 2.2391172030992896 -0.5417747862779037
v 0.5201661962712627 2.19241967040233 -0.5784300642575089
v -0.034300539298100015 1.5903632309985338 -0.0005019260608320415
v -0.014756204153249243 1.5436656983015742 -0.037157204040437306
vt 0.9375 0.5
vt 1 0.5
vt 1 0
vt 0.9375 0
vt 0.9375 0.5
vt 1 0.5
vt 1 0
vt 0.9375 0
vt 0.9375 0.5
vt 1 0.5
vt 1 0
vt 0.9375 0
vt 0.9375 0.5
vt 1 0.5
vt 1 0
vt 0.9375 0
vt 0.9375 0.5
vt 1 0.5
vt 1 0.46875
vt 0.9375 0.46875
vt 0.9375 0.5
vt 1 0.5
vt 1 0.46875
vt 0.9375 0.46875
vn 0.31270936231761226 -0.7471605231513546 -0.5864844476736844
vn 0.7849018284110381 -0.14446257760294062 0.6025443414632021
vn -0.31270936231761226 0.7471605231513546 0.5864844476736844
vn -0.7849018284110381 0.14446257760294062 -0.6025443414632021
vn 0.5349224004245117 0.6487539721007561 -0.5412728602170717
vn -0.5349224004245117 -0.6487539721007561 0.5412728602170717
usemtl m_d2c564f1-f41a-7b8f-1e1a-5e166d453640
f 212/628/157 215/627/157 213/626/157 210/625/157
f 211/632/158 212/631/158 210/630/158 209/629/158
f 216/636/159 211/635/159 209/634/159 214/633/159
f 215/640/160 216/639/160 214/638/160 213/637/160
f 214/644/161 209/643/161 210/642/161 213/641/161
f 215/648/162 212/647/162 211/646/162 216/645/162
o folha
v 1.0950808146542141 2.108509292864966 -0.7769605894719787
v 0.7616818685422444 2.1694976688077308 -0.3280376442672454
v 1.0950808146542141 2.108509292864966 -0.7769605894719787
v 0.7616818685422444 2.1694976688077308 -0.3280376442672454
v 0.2711182257853456 2.2597867798095685 -0.7046278576817466
v 0.6045171718973154 2.1987984038668036 -1.1535508028864798
v 0.2711182257853456 2.2597867798095685 -0.7046278576817466
v 0.6045171718973154 2.1987984038668036 -1.1535508028864798
vt 1.5625 0.625
vt 2.1875 0.625
vt 2.1875 0.625
vt 1.5625 0.625
vt 1 0.625
