# Made in Blockbench 4.12.4
mtllib refris.mtl

o Garrafa1
v 0.3364568508731156 -0.25 0.26837696757095264
v 0.26837696757095264 -0.25 0.1635431491268844
v 0.3364568508731156 -0.5 0.26837696757095264
v 0.26837696757095264 -0.5 0.1635431491268844
v 0.1635431491268844 -0.25 0.23162303242904736
v 0.23162303242904736 -0.25 0.3364568508731156
v 0.1635431491268844 -0.5 0.23162303242904736
v 0.23162303242904736 -0.5 0.3364568508731156
vt 0 1
vt 0.125 1
vt 0.125 0.75
vt 0 0.75
vt 0 1
vt 0.125 1
vt 0.125 0.75
vt 0 0.75
vt 0 1
vt 0.125 1
vt 0.125 0.75
vt 0 0.75
vt 0 1
vt 0.125 1
vt 0.125 0.75
vt 0 0.75
vt 0 0.625
vt 0.125 0.625
vt 0.125 0.5
vt 0 0.5
vt 0 1
vt 0.125 1
vt 0.125 0.875
vt 0 0.875
vn -0.5446390664173038 0 -0.8386705475525462
vn 0.8386705475525462 0 -0.5446390664173038
vn 0.5446390664173038 0 0.8386705475525462
vn -0.8386705475525462 0 0.5446390664173038
vn 0 1 0
vn 0 -1 0
usemtl m_b099d61e-524c-e684-700f-f36c9174a018
f 4/4/1 7/3/1 5/2/1 2/1/1
f 3/8/2 4/7/2 2/6/2 1/5/2
f 8/12/3 3/11/3 1/10/3 6/9/3
f 7/16/4 8/15/4 6/14/4 5/13/4
f 6/20/5 1/19/5 2/18/5 5/17/5
f 7/24/6 4/23/6 3/22/6 8/21/6
o Garrafa2
v -0.16184989819103607 -0.25 -0.2564853335357015
v -0.2564853335357015 -0.25 -0.33815010180896393
v -0.16184989819103607 -0.5 -0.2564853335357015
v -0.2564853335357015 -0.5 -0.33815010180896393
v -0.33815010180896393 -0.25 -0.24351466646429845
v -0.24351466646429845 -0.25 -0.16184989819103607
v -0.33815010180896393 -0.5 -0.24351466646429845
v -0.24351466646429845 -0.5 -0.16184989819103607
vt 0.25 1
vt 0.375 1
vt 0.375 0.75
vt 0.25 0.75
vt 0.25 1
vt 0.375 1
vt 0.375 0.75
vt 0.25 0.75
vt 0.25 1
vt 0.375 1
vt 0.375 0.75
vt 0.25 0.75
vt 0.25 1
vt 0.375 1
vt 0.375 0.75
vt 0.25 0.75
vt 0.1875 0.625
vt 0.3125 0.625
vt 0.3125 0.5
vt 0.1875 0.5
vt 0.25 1
vt 0.375 1
vt 0.375 0.875
vt 0.25 0.875
vn -0.7570834827573237 0 -0.6533181461860991
vn 0.6533181461860991 0 -0.7570834827573237
vn 0.7570834827573237 0 0.6533181461860991
vn -0.6533181461860991 0 0.7570834827573237
vn 0 1 0
vn 0 -1 0
usemtl m_b099d61e-524c-e684-700f-f36c9174a018
f 12/28/7 15/27/7 13/26/7 10/25/7
f 11/32/8 12/31/8 10/30/8 9/29/8
f 16/36/9 11/35/9 9/34/9 14/33/9
f 15/40/10 16/39/10 14/38/10 13/37/10
f 14/44/11 9/43/11 10/42/11 13/41/11
f 15/48/12 12/47/12 11/46/12 16/45/12
o Copo1
v 0.023956850873115623 -0.25 0.26837696757095264
v -0.044123032429047346 -0.25 0.1635431491268844
v 0.023956850873115623 -0.5 0.26837696757095264
v -0.044123032429047346 -0.5 0.1635431491268844
v -0.1489568508731156 -0.25 0.23162303242904736
v -0.08087696757095265 -0.25 0.3364568508731156
v -0.1489568508731156 -0.5 0.23162303242904736
v -0.08087696757095265 -0.5 0.3364568508731156
vt 0.5 1
vt 0.625 1
vt 0.625 0.75
vt 0.5 0.75
vt 0.5 1
vt 0.625 1
vt 0.625 0.75
vt 0.5 0.75
vt 0.5 1
vt 0.625 1
vt 0.625 0.75
vt 0.5 0.75
vt 0.5 1
vt 0.625 1
vt 0.625 0.75
vt 0.5 0.75
vt 0.625 1
vt 0.75 1
vt 0.75 0.875
vt 0.625 0.875
vt 0.625 1
vt 0.75 1
vt 0.75 0.875
vt 0.625 0.875
vn -0.5446390664173038 0 -0.8386705475525462
vn 0.8386705475525462 0 -0.5446390664173038
vn 0.5446390664173038 0 0.8386705475525462
vn -0.8386705475525462 0 0.5446390664173038
vn 0 1 0
vn 0 -1 0
usemtl m_b099d61e-524c-e684-700f-f36c9174a018
f 20/52/13 23/51/13 21/50/13 18/49/13
f 19/56/14 20/55/14 18/54/14 17/53/14
f 24/60/15 19/59/15 17/58/15 22/57/15
f 23/64/16 24/63/16 22/62/16 21/61/16
f 22/68/17 17/67/17 18/66/17 21/65/17
f 23/72/18 20/71/18 19/70/18 24/69/18
o Garrafa2
v -0.18357322690507893 -0.25 0.3708093801733124
v -0.19169061982668764 -0.25 0.24607322690507893
v -0.18357322690507893 -0.5 0.3708093801733124
v -0.19169061982668764 -0.5 0.24607322690507893
v -0.31642677309492107 -0.25 0.2541906198266876
v -0.3083093801733124 -0.25 0.37892677309492107
v -0.31642677309492107 -0.5 0.2541906198266876
v -0.3083093801733124 -0.5 0.37892677309492107
vt 0.125 1
vt 0.25 1
vt 0.25 0.75
vt 0.125 0.75
vt 0.125 1
vt 0.25 1
vt 0.25 0.75
vt 0.125 0.75
vt 0.125 1
vt 0.25 1
vt 0.25 0.75
vt 0.125 0.75
vt 0.125 1
vt 0.25 1
vt 0.25 0.75
vt 0.125 0.75
vt 0.0625 0.625
vt 0.1875 0.625
vt 0.1875 0.5
vt 0.0625 0.5
vt 0.125 1
vt 0.25 1
vt 0.25 0.875
vt 0.125 0.875
vn -0.06493914337286945 0 -0.9978892261458673
vn 0.9978892261458673 0 -0.06493914337286945
vn 0.06493914337286945 0 0.9978892261458673
vn -0.9978892261458673 0 0.06493914337286945
vn 0 1 0
vn 0 -1 0
usemtl m_b099d61e-524c-e684-700f-f36c9174a018
f 28/76/19 31/75/19 29/74/19 26/73/19
f 27/80/20 28/79/20 26/78/20 25/77/20
f 32/84/21 27/83/21 25/82/21 30/81/21
f 31/88/22 32/87/22 30/86/22 29/85/22
f 30/92/23 25/91/23 26/90/23 29/89/23
f 31/96/24 28/95/24 27/94/24 32/93/24
o Garrafa2
v 0.2832710545073306 -0.25 -0.16811265707100861
v 0.33188734292899136 -0.25 -0.2832710545073306
v 0.2832710545073306 -0.5 -0.16811265707100861
v 0.33188734292899136 -0.5 -0.2832710545073306
v 0.21672894549266938 -0.25 -0.33188734292899136
v 0.16811265707100861 -0.25 -0.21672894549266938
v 0.21672894549266938 -0.5 -0.33188734292899136
v 0.16811265707100861 -0.5 -0.21672894549266938
vt 0.375 1
vt 0.5 1
vt 0.5 0.75
vt 0.375 0.75
vt 0.375 1
vt 0.5 1
vt 0.5 0.75
vt 0.375 0.75
vt 0.375 1
vt 0.5 1
vt 0.5 0.75
vt 0.375 0.75
vt 0.375 1
vt 0.5 1
vt 0.5 0.75
vt 0.375 0.75
vt 0.375 0.625
vt 0.5 0.625
vt 0.5 0.5
vt 0.375 0.5
vt 0.375 1
vt 0.5 1
vt 0.5 0.875
vt 0.375 0.875
vn 0.3889303073732862 0 -0.921267179490576
vn 0.921267179490576 0 0.3889303073732862
vn -0.3889303073732862 0 0.921267179490576
vn -0.921267179490576 0 -0.3889303073732862
vn 0 1 0
vn 0 -1 0
usemtl m_b099d61e-524c-e684-700f-f36c9174a018
f 36/100/25 39/99/25 37/98/25 34/97/25
f 35/104/26 36/103/26 34/102/26 33/101/26
f 40/108/27 35/107/27 33/106/27 38/105/27
f 39/112/28 40/111/28 38/110/28 37/109/28
f 38/116/29 33/115/29 34/114/29 37/113/29
f 39/120/30 36/119/30 35/118/30 40/117/30
o Copo1
v 0.08645685087311562 -0.25 -0.16912303242904736
v 0.018376967570952654 -0.25 -0.2739568508731156
v 0.08645685087311562 -0.5 -0.16912303242904736
v 0.018376967570952654 -0.5 -0.2739568508731156
v -0.08645685087311562 -0.25 -0.20587696757095264
v -0.018376967570952654 -0.25 -0.10104314912688438
v -0.08645685087311562 -0.5 -0.20587696757095264
v -0.018376967570952654 -0.5 -0.10104314912688438
vt 0.5 1
vt 0.625 1
vt 0.625 0.75
vt 0.5 0.75
vt 0.5 1
vt 0.625 1
vt 0.625 0.75
vt 0.5 0.75
vt 0.5 1
vt 0.625 1
vt 0.625 0.75
vt 0.5 0.75
vt 0.5 1
vt 0.625 1
vt 0.625 0.75
vt 0.5 0.75
vt 0.625 1
vt 0.75 1
vt 0.75 0.875
vt 0.625 0.875
vt 0.625 1
vt 0.75 1
vt 0.75 0.875
vt 0.625 0.875
vn -0.5446390664173038 0 -0.8386705475525462
vn 0.8386705475525462 0 -0.5446390664173038
vn 0.5446390664173038 0 0.8386705475525462
vn -0.8386705475525462 0 0.5446390664173038
vn 0 1 0
vn 0 -1 0
usemtl m_b099d61e-524c-e684-700f-f36c9174a018
f 44/124/31 47/123/31 45/122/31 42/121/31
f 43/128/32 44/127/32 42/126/32 41/125/32
f 48/132/33 43/131/33 41/130/33 46/129/33
f 47/136/34 48/135/34 46/134/34 45/133/34
f 46/140/35 41/139/35 42/138/35 45/137/35
f 47/144/36 44/143/36 43/142/36 48/141/36