# Made in Blockbench 4.12.4
mtllib telhado10m.mtl

o telha
v 0.499375 0.5812477679140943 3.5757810889173514
v 0.499375 0.7007810889173658 3.543752232085915
v 0.499375 -0.01694775007910687 1.3432850229067448
v 0.499375 0.10258557092416465 1.3112561660753084
v -0.499375 0.7007810889173658 3.543752232085915
v -0.499375 0.5812477679140943 3.5757810889173514
v -0.499375 0.10258557092416465 1.3112561660753084
v -0.499375 -0.01694775007910687 1.3432850229067448
vt 0 1
vt 0.5 1
vt 0.5 0
vt 0 0
vt 0 1
vt 0.0625 1
vt 0.0625 0
vt 0 0
vt 0 1
vt 0.5 1
vt 0.5 0
vt 0 0
vt 0 1
vt 0.0625 1
vt 0.0625 0
vt 0 0
vt 0 1
vt 0.5 1
vt 0.5 0.9375
vt 0 0.9375
vt 0 1
vt 0.5 1
vt 0.5 0.9375
vt 0 0.9375
vn 0 0.9659258262890682 -0.25881904510252096
vn 1 0 0
vn 0 -0.9659258262890682 0.25881904510252096
vn -1 0 0
vn 0 0.25881904510252096 0.9659258262890682
vn 0 -0.25881904510252096 -0.9659258262890682
usemtl m_072412b6-b3a7-dc78-3f09-0afb59b7ab17
f 4/4/1 7/3/1 5/2/1 2/1/1
f 3/8/2 4/7/2 2/6/2 1/5/2
f 8/12/3 3/11/3 1/10/3 6/9/3
f 7/16/4 8/15/4 6/14/4 5/13/4
f 6/20/5 1/19/5 2/18/5 5/17/5
f 7/24/6 4/23/6 3/22/6 8/21/6
o ripa1
v 0.4993750000000014 0.391791405026146 3.110201773374587
v 0.4993750000000019 0.4509543618863508 3.094349106862058
v -0.49937499999999957 0.39179140502615367 3.110201773374585
v -0.499374999999999 0.45095436188635846 3.094349106862056
v 0.4993750000000019 0.48298321871778754 3.2138824278653297
v 0.4993750000000014 0.42382026185758276 3.2297350943778587
v -0.499374999999999 0.4829832187177952 3.2138824278653275
v -0.49937499999999957 0.4238202618575904 3.2297350943778564
vt 0.59375 1
vt 0.65625 1
vt 0.65625 0.59375
vt 0.59375 0.59375
vt 0.59375 1
vt 0.625 1
vt 0.625 0.59375
vt 0.59375 0.59375
vt 0.59375 1
vt 0.65625 1
vt 0.65625 0.59375
vt 0.59375 0.59375
vt 0.59375 1
vt 0.625 1
vt 0.625 0.59375
vt 0.59375 0.59375
vt 0.59375 1
vt 0.65625 1
vt 0.65625 1
vt 0.59375 1
vt 0.59375 1
vt 0.65625 1
vt 0.65625 1
vt 0.59375 1
vn 7.993605777301129e-15 0.9659258262890683 -0.2588190451025208
vn 5.5511151231256644e-17 -0.25881904510252085 -0.9659258262890683
vn -7.993605777301129e-15 -0.9659258262890683 0.2588190451025208
vn -5.5511151231256644e-17 0.25881904510252085 0.9659258262890683
vn 1 -7.74611523378154e-15 2.1905040666039073e-15
vn -1 7.74611523378154e-15 -2.1905040666039073e-15
usemtl m_072412b6-b3a7-dc78-3f09-0afb59b7ab17
f 12/28/7 15/27/7 13/26/7 10/25/7
f 11/32/8 12/31/8 10/30/8 9/29/8
f 16/36/9 11/35/9 9/34/9 14/33/9
f 15/40/10 16/39/10 14/38/10 13/37/10
f 14/44/11 9/43/11 10/42/11 13/41/11
f 15/48/12 12/47/12 11/46/12 16/45/12
o ripa2
v 0.4993750000000015 0.197677121199256 2.3857574036577884
v 0.49937500000000196 0.2568400780594608 2.3699047371452595
v -0.49937499999999946 0.19767712119926367 2.385757403657786
v -0.4993749999999989 0.25684007805946846 2.3699047371452573
v 0.49937500000000196 0.28886893489089766 2.489438058148531
v 0.49937500000000146 0.22970597803069287 2.50529072466106
v -0.4993749999999989 0.2888689348909053 2.489438058148529
v -0.49937499999999946 0.22970597803070053 2.505290724661058
vt 0.59375 1
vt 0.65625 1
vt 0.65625 0.59375
vt 0.59375 0.59375
vt 0.59375 1
vt 0.625 1
vt 0.625 0.59375
vt 0.59375 0.59375
vt 0.59375 1
vt 0.65625 1
vt 0.65625 0.59375
vt 0.59375 0.59375
vt 0.59375 1
vt 0.625 1
vt 0.625 0.59375
vt 0.59375 0.59375
vt 0.59375 1
vt 0.65625 1
vt 0.65625 1
vt 0.59375 1
vt 0.59375 1
vt 0.65625 1
vt 0.65625 1
vt 0.59375 1
vn 7.993605777301129e-15 0.9659258262890683 -0.2588190451025208
vn 5.5511151231256644e-17 -0.25881904510252085 -0.9659258262890683
vn -7.993605777301129e-15 -0.9659258262890683 0.2588190451025208
vn -5.5511151231256644e-17 0.25881904510252085 0.9659258262890683
vn 1 -7.74611523378154e-15 2.1905040666039073e-15
vn -1 7.74611523378154e-15 -2.1905040666039073e-15
usemtl m_072412b6-b3a7-dc78-3f09-0afb59b7ab17
f 20/52/13 23/51/13 21/50/13 18/49/13
f 19/56/14 20/55/14 18/54/14 17/53/14
f 24/60/15 19/59/15 17/58/15 22/57/15
f 23/64/16 24/63/16 22/62/16 21/61/16
f 22/68/17 17/67/17 18/66/17 21/65/17
f 23/72/18 20/71/18 19/70/18 24/69/18
o ripa3
v 0.49937500000000157 -0.012613352946541811 1.6009426697979219
v 0.49937500000000207 0.046549603913662974 1.5850900032853925
v -0.49937499999999935 -0.01261335294653404 1.6009426697979192
v -0.4993749999999988 0.046549603913670745 1.5850900032853898
v 0.49937500000000207 0.07857846074509961 1.7046233242886641
v 0.49937500000000157 0.019415503884894825 1.720475990801193
v -0.4993749999999988 0.07857846074510738 1.704623324288662
v -0.49937499999999935 0.019415503884902596 1.7204759908011908
vt 0.59375 1
vt 0.65625 1
vt 0.65625 0.59375
vt 0.59375 0.59375
vt 0.59375 1
vt 0.625 1
vt 0.625 0.59375
vt 0.59375 0.59375
vt 0.59375 1
vt 0.65625 1
vt 0.65625 0.59375
vt 0.59375 0.59375
vt 0.59375 1
vt 0.625 1
vt 0.625 0.59375
vt 0.59375 0.59375
vt 0.59375 1
vt 0.65625 1
vt 0.65625 1
vt 0.59375 1
vt 0.59375 1
vt 0.65625 1
vt 0.65625 1
vt 0.59375 1
vn 7.993605777301129e-15 0.9659258262890683 -0.2588190451025208
vn 5.5511151231256644e-17 -0.25881904510252085 -0.9659258262890683
vn -7.993605777301129e-15 -0.9659258262890683 0.2588190451025208
vn -5.5511151231256644e-17 0.25881904510252085 0.9659258262890683
vn 1 -7.74611523378154e-15 2.1905040666039073e-15
vn -1 7.74611523378154e-15 -2.1905040666039073e-15
usemtl m_072412b6-b3a7-dc78-3f09-0afb59b7ab17
f 28/76/19 31/75/19 29/74/19 26/73/19
f 27/80/20 28/79/20 26/78/20 25/77/20
f 32/84/21 27/83/21 25/82/21 30/81/21
f 31/88/22 32/87/22 30/86/22 29/85/22
f 30/92/23 25/91/23 26/90/23 29/89/23
f 31/96/24 28/95/24 27/94/24 32/93/24
o telha
v 0.499375 -0.017271273885499074 1.3420776156238845
v 0.499375 0.10226204711777345 1.3100487587924476
v 0.499375 -0.6154667918787002 -0.8904184503867216
v 0.499375 -0.4959334708754277 -0.9224473072181589
v -0.499375 0.10226204711777345 1.3100487587924476
v -0.499375 -0.017271273885499074 1.3420776156238845
v -0.499375 -0.4959334708754277 -0.9224473072181589
v -0.499375 -0.6154667918787002 -0.8904184503867216
vt 0 1
vt 0.5 1
vt 0.5 0
vt 0 0
vt 0 1
vt 0.0625 1
vt 0.0625 0
vt 0 0
vt 0 1
vt 0.5 1
vt 0.5 0
vt 0 0
vt 0 1
vt 0.0625 1
vt 0.0625 0
vt 0 0
vt 0 1
vt 0.5 1
vt 0.5 0.9375
vt 0 0.9375
vt 0 1
vt 0.5 1
vt 0.5 0.9375
vt 0 0.9375
vn 0 0.9659258262890682 -0.25881904510252096
vn 1 0 0
vn 0 -0.9659258262890682 0.25881904510252096
vn -1 0 0
vn 0 0.25881904510252096 0.9659258262890682
vn 0 -0.25881904510252096 -0.9659258262890682
usemtl m_072412b6-b3a7-dc78-3f09-0afb59b7ab17
f 36/100/25 39/99/25 37/98/25 34/97/25
f 35/104/26 36/103/26 34/102/26 33/101/26
f 40/108/27 35/107/27 33/106/27 38/105/27
f 39/112/28 40/111/28 38/110/28 37/109/28
f 38/116/29 33/115/29 34/114/29 37/113/29
f 39/120/30 36/119/30 35/118/30 40/117/30
o ripa2
v 0.4993750000000014 -0.20672763677344735 0.8764983000811206
v 0.4993750000000019 -0.14756467991324168 0.8606456335685913
v -0.49937499999999957 -0.2067276367734397 0.8764983000811184
v -0.499374999999999 -0.14756467991323402 0.860645633568589
v 0.4993750000000019 -0.11553582308180493 0.9801789545718629
v 0.4993750000000014 -0.1746987799420106 0.9960316210843922
v -0.499374999999999 -0.11553582308179727 0.9801789545718607
v -0.49937499999999957 -0.17469877994200295 0.99603162108439
vt 0.59375 1
vt 0.65625 1
vt 0.65625 0.59375
vt 0.59375 0.59375
vt 0.59375 1
vt 0.625 1
vt 0.625 0.59375
vt 0.59375 0.59375
vt 0.59375 1
vt 0.65625 1
vt 0.65625 0.59375
vt 0.59375 0.59375
vt 0.59375 1
vt 0.625 1
vt 0.625 0.59375
vt 0.59375 0.59375
vt 0.59375 1
vt 0.65625 1
vt 0.65625 1
vt 0.59375 1
vt 0.59375 1
vt 0.65625 1
vt 0.65625 1
vt 0.59375 1
vn 7.993605777301129e-15 0.9659258262890683 -0.2588190451025208
vn 5.5511151231256644e-17 -0.25881904510252085 -0.9659258262890683
vn -7.993605777301129e-15 -0.9659258262890683 0.2588190451025208
vn -5.5511151231256644e-17 0.25881904510252085 0.9659258262890683
vn 1 -7.74611523378154e-15 2.1905040666039073e-15
vn -1 7.74611523378154e-15 -2.1905040666039073e-15
usemtl m_072412b6-b3a7-dc78-3f09-0afb59b7ab17
f 44/124/31 47/123/31 45/122/31 42/121/31
f 43/128/32 44/127/32 42/126/32 41/125/32
f 48/132/33 43/131/33 41/130/33 46/129/33
f 47/136/34 48/135/34 46/134/34 45/133/34
f 46/140/35 41/139/35 42/138/35 45/137/35
f 47/144/36 44/143/36 43/142/36 48/141/36
o ripa3
v 0.4993750000000015 -0.40084192060033735 0.15205393036432202
v 0.49937500000000196 -0.3416789637401317 0.13620126385179265
v -0.49937499999999946 -0.4008419206003297 0.1520539303643198
v -0.4993749999999989 -0.341678963740124 0.13620126385179043
v 0.49937500000000196 -0.3096501069086948 0.2557345848550643
v 0.49937500000000146 -0.3688130637689005 0.27158725136759365
v -0.4993749999999989 -0.30965010690868716 0.25573458485506206
v -0.49937499999999946 -0.36881306376889283 0.27158725136759143
vt 0.59375 1
vt 0.65625 1
vt 0.65625 0.59375
vt 0.59375 0.59375
vt 0.59375 1
vt 0.625 1
vt 0.625 0.59375
vt 0.59375 0.59375
vt 0.59375 1
vt 0.65625 1
vt 0.65625 0.59375
vt 0.59375 0.59375
vt 0.59375 1
vt 0.625 1
vt 0.625 0.59375
vt 0.59375 0.59375
vt 0.59375 1
vt 0.65625 1
vt 0.65625 1
vt 0.59375 1
vt 0.59375 1
vt 0.65625 1
vt 0.65625 1
vt 0.59375 1
vn 7.993605777301129e-15 0.9659258262890683 -0.2588190451025208
vn 5.5511151231256644e-17 -0.25881904510252085 -0.9659258262890683
vn -7.993605777301129e-15 -0.9659258262890683 0.2588190451025208
vn -5.5511151231256644e-17 0.25881904510252085 0.9659258262890683
vn 1 -7.74611523378154e-15 2.1905040666039073e-15
vn -1 7.74611523378154e-15 -2.1905040666039073e-15
usemtl m_072412b6-b3a7-dc78-3f09-0afb59b7ab17
f 52/148/37 55/147/37 53/146/37 50/145/37
f 51/152/38 52/151/38 50/150/38 49/149/38
f 56/156/39 51/155/39 49/154/39 54/153/39
f 55/160/40 56/159/40 54/158/40 53/157/40
f 54/164/41 49/163/41 50/162/41 53/161/41
f 55/168/42 52/167/42 51/166/42 56/165/42
o ripa4
v 0.49937500000000157 -0.6111323947461351 -0.632760803495545
v 0.49937500000000207 -0.5519694378859294 -0.6486134700080743
v -0.49937499999999935 -0.6111323947461273 -0.6327608034955468
v -0.4993749999999988 -0.5519694378859217 -0.648613470008077
v 0.49937500000000207 -0.5199405810544928 -0.5290801490048027
v 0.49937500000000157 -0.5791035379146985 -0.5132274824922733
v -0.4993749999999988 -0.519940581054485 -0.5290801490048049
v -0.49937499999999935 -0.5791035379146907 -0.5132274824922756
vt 0.59375 1
vt 0.65625 1
vt 0.65625 0.59375
vt 0.59375 0.59375
vt 0.59375 1
vt 0.625 1
vt 0.625 0.59375
vt 0.59375 0.59375
vt 0.59375 1
vt 0.65625 1
vt 0.65625 0.59375
vt 0.59375 0.59375
vt 0.59375 1
vt 0.625 1
vt 0.625 0.59375
vt 0.59375 0.59375
vt 0.59375 1
vt 0.65625 1
vt 0.65625 1
vt 0.59375 1
vt 0.59375 1
vt 0.65625 1
vt 0.65625 1
vt 0.59375 1
vn 7.993605777301129e-15 0.9659258262890683 -0.2588190451025208
vn 5.5511151231256644e-17 -0.25881904510252085 -0.9659258262890683
vn -7.993605777301129e-15 -0.9659258262890683 0.2588190451025208
vn -5.5511151231256644e-17 0.25881904510252085 0.9659258262890683
vn 1 -7.74611523378154e-15 2.1905040666039073e-15
vn -1 7.74611523378154e-15 -2.1905040666039073e-15
usemtl m_072412b6-b3a7-dc78-3f09-0afb59b7ab17
f 60/172/43 63/171/43 61/170/43 58/169/43
f 59/176/44 60/175/44 58/174/44 57/173/44
f 64/180/45 59/179/45 57/178/45 62/177/45
f 63/184/46 64/183/46 62/182/46 61/181/46
f 62/188/47 57/187/47 58/186/47 61/185/47
f 63/192/48 60/191/48 59/190/48 64/189/48
o telha
v 0.499375 0.7007810889173425 3.5812477679140797
v 0.499375 0.5812477679140708 3.549218911082643
v 0.499375 0.10258557092414117 5.813743833924688
v 0.499375 -0.016947750079130408 5.781714977093251
v -0.499375 0.5812477679140708 3.549218911082643
v -0.499375 0.7007810889173425 3.5812477679140797
v -0.499375 -0.016947750079130408 5.781714977093251
v -0.499375 0.10258557092414117 5.813743833924688
vt 0 1
vt 0.5 1
vt 0.5 0
vt 0 0
vt 0.0625 1
vt 0.125 1
vt 0.125 0
vt 0.0625 0
vt 0 1
vt 0.5 1
vt 0.5 0
vt 0 0
vt 0.0625 1
vt 0.125 1
vt 0.125 0
vt 0.0625 0
vt 0 0.9375
vt 0.5 0.9375
vt 0.5 0.875
vt 0 0.875
vt 0 0.9375
vt 0.5 0.9375
vt 0.5 0.875
vt 0 0.875
vn 0 -0.9659258262890682 -0.25881904510252096
vn 1 0 0
vn 0 0.9659258262890682 0.25881904510252096
vn -1 0 0
vn 0 0.25881904510252096 -0.9659258262890682
vn 0 -0.25881904510252096 0.9659258262890682
usemtl m_072412b6-b3a7-dc78-3f09-0afb59b7ab17
f 68/196/49 71/195/49 69/194/49 66/193/49
f 67/200/50 68/199/50 66/198/50 65/197/50
f 72/204/51 67/203/51 65/202/51 70/201/51
f 71/208/52 72/207/52 70/206/52 69/205/52
f 70/212/53 65/211/53 66/210/53 69/209/53
f 71/216/54 68/215/54 67/214/54 72/213/54
o ripa2
v 0.49937500000000024 0.4509543618863265 4.030650893137937
v 0.49937499999999974 0.3917914050261217 4.014798226625407
v -0.4993749999999991 0.4509543618863342 4.030650893137939
v -0.49937499999999957 0.3917914050261294 4.01479822662541
v 0.49937499999999974 0.4238202618575586 3.8952649056221356
v 0.49937500000000024 0.4829832187177634 3.911117572134665
v -0.4993749999999997 0.4238202618575663 3.8952649056221373
v -0.49937499999999924 0.4829832187177711 3.9111175721346667
vt 0.65625 1
vt 0.59375 1
vt 0.59375 0.59375
vt 0.65625 0.59375
vt 0.625 1
vt 0.59375 1
vt 0.59375 0.59375
vt 0.625 0.59375
vt 0.65625 1
vt 0.59375 1
vt 0.59375 0.59375
vt 0.65625 0.59375
vt 0.625 1
vt 0.59375 1
vt 0.59375 0.59375
vt 0.625 0.59375
vt 0.59375 1
vt 0.65625 1
vt 0.65625 1
vt 0.59375 1
vt 0.59375 1
vt 0.65625 1
vt 0.65625 1
vt 0.59375 1
vn -7.993605777301129e-15 -0.9659258262890683 -0.2588190451025208
vn 5.5511151231256644e-17 -0.25881904510252085 0.9659258262890683
vn 7.993605777301129e-15 0.9659258262890683 0.2588190451025208
vn -5.5511151231256644e-17 0.25881904510252085 -0.9659258262890683
vn 1 -7.74611523378154e-15 -2.1905040666039073e-15
vn -1 7.74611523378154e-15 2.1905040666039073e-15
usemtl m_072412b6-b3a7-dc78-3f09-0afb59b7ab17
f 76/220/55 79/219/55 77/218/55 74/217/55
f 75/224/56 76/223/56 74/222/56 73/221/56
f 80/228/57 75/227/57 73/226/57 78/225/57
f 79/232/58 80/231/58 78/230/58 77/229/58
f 78/236/59 73/235/59 74/234/59 77/233/59
f 79/240/60 76/239/60 75/238/60 80/237/60
o ripa3
v 0.49937500000000035 0.25684007805943615 4.755095262854737
v 0.49937499999999985 0.19767712119923136 4.739242596342208
v -0.4993749999999991 0.25684007805944387 4.75509526285474
v -0.49937499999999957 0.19767712119923903 4.73924259634221
v 0.4993749999999998 0.2297059780306683 4.619709275338936
v 0.4993750000000003 0.28886893489087306 4.635561941851464
v -0.49937499999999957 0.229705978030676 4.619709275338938
v -0.4993749999999991 0.2888689348908808 4.635561941851467
vt 0.65625 1
vt 0.59375 1
vt 0.59375 0.59375
vt 0.65625 0.59375
vt 0.625 1
vt 0.59375 1
vt 0.59375 0.59375
vt 0.625 0.59375
vt 0.65625 1
vt 0.59375 1
vt 0.59375 0.59375
vt 0.65625 0.59375
vt 0.625 1
vt 0.59375 1
vt 0.59375 0.59375
vt 0.625 0.59375
vt 0.59375 1
vt 0.65625 1
vt 0.65625 1
vt 0.59375 1
vt 0.59375 1
vt 0.65625 1
vt 0.65625 1
vt 0.59375 1
vn -7.993605777301129e-15 -0.9659258262890683 -0.2588190451025208
vn 5.5511151231256644e-17 -0.25881904510252085 0.9659258262890683
vn 7.993605777301129e-15 0.9659258262890683 0.2588190451025208
vn -5.5511151231256644e-17 0.25881904510252085 -0.9659258262890683
vn 1 -7.74611523378154e-15 -2.1905040666039073e-15
vn -1 7.74611523378154e-15 2.1905040666039073e-15
usemtl m_072412b6-b3a7-dc78-3f09-0afb59b7ab17
f 84/244/61 87/243/61 85/242/61 82/241/61
f 83/248/62 84/247/62 82/246/62 81/245/62
f 88/252/63 83/251/63 81/250/63 86/249/63
f 87/256/64 88/255/64 86/254/64 85/253/64
f 86/260/65 81/259/65 82/258/65 85/257/65
f 87/264/66 84/263/66 83/262/66 88/261/66
o ripa4
v 0.4993750000000004 0.046549603913637716 5.539909996714606
v 0.4993749999999999 -0.012613352946567069 5.524057330202077
v -0.499374999999999 0.04654960391364543 5.539909996714608
v -0.49937499999999946 -0.012613352946559353 5.524057330202079
v 0.4993749999999999 0.019415503884869956 5.404524009198805
v 0.4993750000000004 0.07857846074507474 5.420376675711334
v -0.49937499999999946 0.019415503884877616 5.4045240091988065
v -0.499374999999999 0.0785784607450824 5.420376675711336
vt 0.65625 1
vt 0.59375 1
vt 0.59375 0.59375
vt 0.65625 0.59375
vt 0.625 1
vt 0.59375 1
vt 0.59375 0.59375
vt 0.625 0.59375
vt 0.65625 1
vt 0.59375 1
vt 0.59375 0.59375
vt 0.65625 0.59375
vt 0.625 1
vt 0.59375 1
vt 0.59375 0.59375
vt 0.625 0.59375
vt 0.59375 1
vt 0.65625 1
vt 0.65625 1
vt 0.59375 1
vt 0.59375 1
vt 0.65625 1
vt 0.65625 1
vt 0.59375 1
vn -7.993605777301129e-15 -0.9659258262890683 -0.2588190451025208
vn 5.5511151231256644e-17 -0.25881904510252085 0.9659258262890683
vn 7.993605777301129e-15 0.9659258262890683 0.2588190451025208
vn -5.5511151231256644e-17 0.25881904510252085 -0.9659258262890683
vn 1 -7.74611523378154e-15 -2.1905040666039073e-15
vn -1 7.74611523378154e-15 2.1905040666039073e-15
usemtl m_072412b6-b3a7-dc78-3f09-0afb59b7ab17
f 92/268/67 95/267/67 93/266/67 90/265/67
f 91/272/68 92/271/68 90/270/68 89/269/68
f 96/276/69 91/275/69 89/274/69 94/273/69
f 95/280/70 96/279/70 94/278/70 93/277/70
f 94/284/71 89/283/71 90/282/71 93/281/71
f 95/288/72 92/287/72 91/286/72 96/285/72
o telha
v 0.499375 0.1022620471177633 5.814951241207551
v 0.499375 -0.01727127388550829 5.782922384376113
v 0.499375 -0.495933470875438 8.047447307218158
v 0.499375 -0.6154667918787096 8.015418450386722
v -0.499375 -0.01727127388550829 5.782922384376113
v -0.499375 0.1022620471177633 5.814951241207551
v -0.499375 -0.6154667918787096 8.015418450386722
v -0.499375 -0.495933470875438 8.047447307218158
vt 0 1
vt 0.5 1
vt 0.5 0
vt 0 0
vt 0.0625 1
vt 0.125 1
vt 0.125 0
vt 0.0625 0
vt 0 1
vt 0.5 1
vt 0.5 0
vt 0 0
vt 0.0625 1
vt 0.125 1
vt 0.125 0
vt 0.0625 0
vt 0 0.9375
vt 0.5 0.9375
vt 0.5 0.875
vt 0 0.875
vt 0 0.9375
vt 0.5 0.9375
vt 0.5 0.875
vt 0 0.875
vn 0 -0.9659258262890682 -0.25881904510252096
vn 1 0 0
vn 0 0.9659258262890682 0.25881904510252096
vn -1 0 0
vn 0 0.25881904510252096 -0.9659258262890682
vn 0 -0.25881904510252096 0.9659258262890682
usemtl m_072412b6-b3a7-dc78-3f09-0afb59b7ab17
f 100/292/73 103/291/73 101/290/73 98/289/73
f 99/296/74 100/295/74 98/294/74 97/293/74
f 104/300/75 99/299/75 97/298/75 102/297/75
f 103/304/76 104/303/76 102/302/76 101/301/76
f 102/308/77 97/307/77 98/306/77 101/305/77
f 103/312/78 100/311/78 99/310/78 104/309/78
o ripa3
v 0.49937500000000024 -0.14756467991325267 6.264354366431407
v 0.49937499999999974 -0.20672763677345746 6.248501699918878
v -0.4993749999999991 -0.14756467991324496 6.26435436643141
v -0.49937499999999957 -0.20672763677344974 6.24850169991888
v 0.49937499999999974 -0.17469877994202054 6.128968378915606
v 0.49937500000000024 -0.11553582308181576 6.144821045428135
v -0.4993749999999997 -0.17469877994201283 6.128968378915608
v -0.49937499999999924 -0.11553582308180804 6.144821045428137
vt 0.65625 1
vt 0.59375 1
vt 0.59375 0.59375
vt 0.65625 0.59375
vt 0.625 1
vt 0.59375 1
vt 0.59375 0.59375
vt 0.625 0.59375
vt 0.65625 1
vt 0.59375 1
vt 0.59375 0.59375
vt 0.65625 0.59375
vt 0.625 1
vt 0.59375 1
vt 0.59375 0.59375
vt 0.625 0.59375
vt 0.59375 1
vt 0.65625 1
vt 0.65625 1
vt 0.59375 1
vt 0.59375 1
vt 0.65625 1
vt 0.65625 1
vt 0.59375 1
vn -7.993605777301129e-15 -0.9659258262890683 -0.2588190451025208
vn 5.5511151231256644e-17 -0.25881904510252085 0.9659258262890683
vn 7.993605777301129e-15 0.9659258262890683 0.2588190451025208
vn -5.5511151231256644e-17 0.25881904510252085 -0.9659258262890683
vn 1 -7.74611523378154e-15 -2.1905040666039073e-15
vn -1 7.74611523378154e-15 2.1905040666039073e-15
usemtl m_072412b6-b3a7-dc78-3f09-0afb59b7ab17
f 108/316/79 111/315/79 109/314/79 106/313/79
f 107/320/80 108/319/80 106/318/80 105/317/80
f 112/324/81 107/323/81 105/322/81 110/321/81
f 111/328/82 112/327/82 110/326/82 109/325/82
f 110/332/83 105/331/83 106/330/83 109/329/83
f 111/336/84 108/335/84 107/334/84 112/333/84
o ripa4
v 0.49937500000000035 -0.341678963740143 6.988798736148207
v 0.49937499999999985 -0.4008419206003478 6.972946069635678
v -0.4993749999999991 -0.3416789637401353 6.98879873614821
v -0.49937499999999957 -0.40084192060034013 6.972946069635681
v 0.4993749999999998 -0.3688130637689109 6.853412748632406
v 0.4993750000000003 -0.3096501069087061 6.869265415144935
v -0.49937499999999957 -0.36881306376890316 6.853412748632408
v -0.4993749999999991 -0.3096501069086984 6.8692654151449375
vt 0.65625 1
vt 0.59375 1
vt 0.59375 0.59375
vt 0.65625 0.59375
vt 0.625 1
vt 0.59375 1
vt 0.59375 0.59375
vt 0.625 0.59375
vt 0.65625 1
vt 0.59375 1
vt 0.59375 0.59375
vt 0.65625 0.59375
vt 0.625 1
vt 0.59375 1
vt 0.59375 0.59375
vt 0.625 0.59375
vt 0.59375 1
vt 0.65625 1
vt 0.65625 1
vt 0.59375 1
vt 0.59375 1
vt 0.65625 1
vt 0.65625 1
vt 0.59375 1
vn -7.993605777301129e-15 -0.9659258262890683 -0.2588190451025208
vn 5.5511151231256644e-17 -0.25881904510252085 0.9659258262890683
vn 7.993605777301129e-15 0.9659258262890683 0.2588190451025208
vn -5.5511151231256644e-17 0.25881904510252085 -0.9659258262890683
vn 1 -7.74611523378154e-15 -2.1905040666039073e-15
vn -1 7.74611523378154e-15 2.1905040666039073e-15
usemtl m_072412b6-b3a7-dc78-3f09-0afb59b7ab17
f 116/340/85 119/339/85 117/338/85 114/337/85
f 115/344/86 116/343/86 114/342/86 113/341/86
f 120/348/87 115/347/87 113/346/87 118/345/87
f 119/352/88 120/351/88 118/350/88 117/349/88
f 118/356/89 113/355/89 114/354/89 117/353/89
f 119/360/90 116/359/90 115/358/90 120/357/90
o ripa5
v 0.4993750000000004 -0.5519694378859414 7.773613470008076
v 0.4993749999999999 -0.6111323947461462 7.757760803495548
v -0.499374999999999 -0.5519694378859337 7.773613470008079
v -0.49937499999999946 -0.6111323947461385 7.757760803495549
v 0.4993749999999999 -0.5791035379147091 7.638227482492275
v 0.4993750000000004 -0.5199405810545044 7.6540801490048045
v -0.49937499999999946 -0.5791035379147016 7.638227482492277
v -0.499374999999999 -0.5199405810544968 7.654080149004806
vt 0.65625 1
vt 0.59375 1
vt 0.59375 0.59375
vt 0.65625 0.59375
vt 0.625 1
vt 0.59375 1
vt 0.59375 0.59375
vt 0.625 0.59375
vt 0.65625 1
vt 0.59375 1
vt 0.59375 0.59375
vt 0.65625 0.59375
vt 0.625 1
vt 0.59375 1
vt 0.59375 0.59375
vt 0.625 0.59375
vt 0.59375 1
vt 0.65625 1
vt 0.65625 1
vt 0.59375 1
vt 0.59375 1
vt 0.65625 1
vt 0.65625 1
vt 0.59375 1
vn -7.993605777301129e-15 -0.9659258262890683 -0.2588190451025208
vn 5.5511151231256644e-17 -0.25881904510252085 0.9659258262890683
vn 7.993605777301129e-15 0.9659258262890683 0.2588190451025208
vn -5.5511151231256644e-17 0.25881904510252085 -0.9659258262890683
vn 1 -7.74611523378154e-15 -2.1905040666039073e-15
vn -1 7.74611523378154e-15 2.1905040666039073e-15
usemtl m_072412b6-b3a7-dc78-3f09-0afb59b7ab17
f 124/364/91 127/363/91 125/362/91 122/361/91
f 123/368/92 124/367/92 122/366/92 121/365/92
f 128/372/93 123/371/93 121/370/93 126/369/93
f 127/376/94 128/375/94 126/374/94 125/373/94
f 126/380/95 121/379/95 122/378/95 125/377/95
f 127/384/96 124/383/96 123/382/96 128/381/96