# Made in Blockbench 4.12.4
mtllib telhado2mcanto.mtl

o caibo
v 0.061875 0.0033008225477632464 0.5805100982501091
v 0.061875 0.18093060462462054 0.5245036430924382
v 0.061875 -0.654117231618454 -1.5045535853232015
v 0.061875 -0.4764874495415967 -1.5605600404808722
v -0.061875 0.18093060462462054 0.5245036430924382
v -0.061875 0.0033008225477632464 0.5805100982501091
v -0.061875 -0.4764874495415967 -1.5605600404808722
v -0.061875 -0.654117231618454 -1.5045535853232015
vt 0.5625 1
vt 0.625 1
vt 0.625 0.59375
vt 0.5625 0.59375
vt 0.5625 1
vt 0.65625 1
vt 0.65625 0.59375
vt 0.5625 0.59375
vt 0.5625 1
vt 0.625 1
vt 0.625 0.59375
vt 0.5625 0.59375
vt 0.5625 1
vt 0.65625 1
vt 0.65625 0.59375
vt 0.5625 0.59375
vt 0.5625 1
vt 0.625 1
vt 0.625 1
vt 0.5625 1
vt 0.5625 1
vt 0.625 1
vt 0.625 1
vt 0.5625 1
vn 0 0.9537169507482269 -0.30070579950427323
vn 1 0 0
vn 0 -0.9537169507482269 0.30070579950427323
vn -1 0 0
vn 0 0.30070579950427323 0.9537169507482269
vn 0 -0.30070579950427323 -0.9537169507482269
usemtl m_072412b6-b3a7-dc78-3f09-0afb59b7ab17
f 4/4/1 7/3/1 5/2/1 2/1/1
f 3/8/2 4/7/2 2/6/2 1/5/2
f 8/12/3 3/11/3 1/10/3 6/9/3
f 7/16/4 8/15/4 6/14/4 5/13/4
f 6/20/5 1/19/5 2/18/5 5/17/5
f 7/24/6 4/23/6 3/22/6 8/21/6
o telha
v 0.499375 0.25040813196952744 0.561715985781092
v 0.499375 0.3684306046246205 0.5245036430924382
v 0.499375 -0.444598147134724 -1.6425623166357468
v 0.499375 -0.3265756744796309 -1.6797746593244005
v -0.499375 0.3684306046246205 0.5245036430924382
v -0.499375 0.25040813196952744 0.561715985781092
v -0.499375 -0.3265756744796309 -1.6797746593244005
v -0.499375 -0.444598147134724 -1.6425623166357468
vt 0 1
vt 0.5 1
vt 0.5 0
vt 0 0
vt 0 1
vt 0.0625 1
vt 0.0625 0
vt 0 0
vt 0 1
vt 0.5 1
vt 0.5 0
vt 0 0
vt 0 1
vt 0.0625 1
vt 0.0625 0
vt 0 0
vt 0 1
vt 0.5 1
vt 0.5 0.9375
vt 0 0.9375
vt 0 1
vt 0.5 1
vt 0.5 0.9375
vt 0 0.9375
vn 0 0.9537169507482269 -0.30070579950427323
vn 1 0 0
vn 0 -0.9537169507482269 0.30070579950427323
vn -1 0 0
vn 0 0.30070579950427323 0.9537169507482269
vn 0 -0.30070579950427323 -0.9537169507482269
usemtl m_072412b6-b3a7-dc78-3f09-0afb59b7ab17
f 12/28/7 15/27/7 13/26/7 10/25/7
f 11/32/8 12/31/8 10/30/8 9/29/8
f 16/36/9 11/35/9 9/34/9 14/33/9
f 15/40/10 16/39/10 14/38/10 13/37/10
f 14/44/11 9/43/11 10/42/11 13/41/11
f 15/48/12 12/47/12 11/46/12 16/45/12
o ripa1
v 0.499375 0.035038423888535286 0.06725554412639684
v 0.499375 0.09345358712186423 0.04883731390676016
v -0.49937500000000024 0.035038423888535286 0.06725554412639678
v -0.49937500000000024 0.09345358712186423 0.04883731390676005
v 0.499375 0.13066592981051806 0.16685978656185324
v 0.499375 0.07225076657718912 0.18527801678148997
v -0.49937500000000024 0.13066592981051806 0.16685978656185319
v -0.49937500000000024 0.07225076657718912 0.18527801678148992
vt 0.59375 1
vt 0.65625 1
vt 0.65625 0.59375
vt 0.59375 0.59375
vt 0.59375 1
vt 0.625 1
vt 0.625 0.59375
vt 0.59375 0.59375
vt 0.59375 1
vt 0.65625 1
vt 0.65625 0.59375
vt 0.59375 0.59375
vt 0.59375 1
vt 0.625 1
vt 0.625 0.59375
vt 0.59375 0.59375
vt 0.59375 1
vt 0.65625 1
vt 0.65625 1
vt 0.59375 1
vt 0.59375 1
vt 0.65625 1
vt 0.65625 1
vt 0.59375 1
vn 1.669252511239801e-17 0.9537169507482268 -0.30070579950427334
vn 5.294192588479889e-17 -0.3007057995042731 -0.953716950748227
vn -1.669252511239801e-17 -0.9537169507482268 0.30070579950427334
vn -5.294192588479889e-17 0.3007057995042731 0.953716950748227
vn 1 1.5882577765439665e-16 -5.007757533719402e-17
vn -1 -1.5882577765439665e-16 5.007757533719402e-17
usemtl m_072412b6-b3a7-dc78-3f09-0afb59b7ab17
f 20/52/13 23/51/13 21/50/13 18/49/13
f 19/56/14 20/55/14 18/54/14 17/53/14
f 24/60/15 19/59/15 17/58/15 22/57/15
f 23/64/16 24/63/16 22/62/16 21/61/16
f 22/68/17 17/67/17 18/66/17 21/65/17
f 23/72/18 20/71/18 19/70/18 24/69/18
o ripa2
v 0.499375 -0.1904909257396697 -0.6480321689347734
v 0.499375 -0.1320757625063408 -0.6664503991544102
v -0.49937500000000024 -0.1904909257396697 -0.6480321689347734
v -0.49937500000000024 -0.1320757625063408 -0.6664503991544102
v 0.499375 -0.09486341981768703 -0.5484279264993173
v 0.499375 -0.15327858305101594 -0.5300096962796805
v -0.49937500000000024 -0.09486341981768703 -0.5484279264993173
v -0.49937500000000024 -0.15327858305101594 -0.5300096962796805
vt 0.59375 1
vt 0.65625 1
vt 0.65625 0.59375
vt 0.59375 0.59375
vt 0.59375 1
vt 0.625 1
vt 0.625 0.59375
vt 0.59375 0.59375
vt 0.59375 1
vt 0.65625 1
vt 0.65625 0.59375
vt 0.59375 0.59375
vt 0.59375 1
vt 0.625 1
vt 0.625 0.59375
vt 0.59375 0.59375
vt 0.59375 1
vt 0.65625 1
vt 0.65625 1
vt 0.59375 1
vt 0.59375 1
vt 0.65625 1
vt 0.65625 1
vt 0.59375 1
vn 1.669252511239801e-17 0.9537169507482268 -0.30070579950427334
vn 5.294192588479889e-17 -0.3007057995042731 -0.953716950748227
vn -1.669252511239801e-17 -0.9537169507482268 0.30070579950427334
vn -5.294192588479889e-17 0.3007057995042731 0.953716950748227
vn 1 1.5882577765439665e-16 -5.007757533719402e-17
vn -1 -1.5882577765439665e-16 5.007757533719402e-17
usemtl m_072412b6-b3a7-dc78-3f09-0afb59b7ab17
f 28/76/19 31/75/19 29/74/19 26/73/19
f 27/80/20 28/79/20 26/78/20 25/77/20
f 32/84/21 27/83/21 25/82/21 30/81/21
f 31/88/22 32/87/22 30/86/22 29/85/22
f 30/92/23 25/91/23 26/90/23 29/89/23
f 31/96/24 28/95/24 27/94/24 32/93/24
o ripa3
v 0.499375 -0.43481438783689197 -1.422927191417708
v 0.499375 -0.376399224603563 -1.4413454216373447
v -0.49937500000000024 -0.43481438783689197 -1.422927191417708
v -0.49937500000000024 -0.376399224603563 -1.4413454216373447
v 0.499375 -0.3391868819149091 -1.3233229489822516
v 0.499375 -0.39760204514823805 -1.3049047187626148
v -0.49937500000000024 -0.3391868819149091 -1.3233229489822516
v -0.49937500000000024 -0.39760204514823805 -1.3049047187626148
vt 0.59375 1
vt 0.65625 1
vt 0.65625 0.59375
vt 0.59375 0.59375
vt 0.59375 1
vt 0.625 1
vt 0.625 0.59375
vt 0.59375 0.59375
vt 0.59375 1
vt 0.65625 1
vt 0.65625 0.59375
vt 0.59375 0.59375
vt 0.59375 1
vt 0.625 1
vt 0.625 0.59375
vt 0.59375 0.59375
vt 0.59375 1
vt 0.65625 1
vt 0.65625 1
vt 0.59375 1
vt 0.59375 1
vt 0.65625 1
vt 0.65625 1
vt 0.59375 1
vn 1.669252511239801e-17 0.9537169507482268 -0.30070579950427334
vn 5.294192588479889e-17 -0.3007057995042731 -0.953716950748227
vn -1.669252511239801e-17 -0.9537169507482268 0.30070579950427334
vn -5.294192588479889e-17 0.3007057995042731 0.953716950748227
vn 1 1.5882577765439665e-16 -5.007757533719402e-17
vn -1 -1.5882577765439665e-16 5.007757533719402e-17
usemtl m_072412b6-b3a7-dc78-3f09-0afb59b7ab17
f 36/100/25 39/99/25 37/98/25 34/97/25
f 35/104/26 36/103/26 34/102/26 33/101/26
f 40/108/27 35/107/27 33/106/27 38/105/27
f 39/112/28 40/111/28 38/110/28 37/109/28
f 38/116/29 33/115/29 34/114/29 37/113/29
f 39/120/30 36/119/30 35/118/30 40/117/30