# Made in Blockbench 4.12.4
mtllib telhado1mCont.mtl

o telha
v 0.499375 0.06290813196952746 0.5617159857810922
v 0.499375 0.18093060462462057 0.5245036430924384
v 0.499375 -0.3125982351614338 -0.6292380564657563
v 0.499375 -0.19457576250634068 -0.6664503991544102
v -0.499375 0.18093060462462057 0.5245036430924384
v -0.499375 0.06290813196952746 0.5617159857810922
v -0.499375 -0.19457576250634068 -0.6664503991544102
v -0.499375 -0.3125982351614338 -0.6292380564657563
vt 0 1
vt 0.5 1
vt 0.5 0.375
vt 0 0.375
vt 0 1
vt 0.0625 1
vt 0.0625 0.375
vt 0 0.375
vt 0 1
vt 0.5 1
vt 0.5 0.375
vt 0 0.375
vt 0 1
vt 0.0625 1
vt 0.0625 0.375
vt 0 0.375
vt 0 1
vt 0.5 1
vt 0.5 0.9375
vt 0 0.9375
vt 0 1
vt 0.5 1
vt 0.5 0.9375
vt 0 0.9375
vn 0 0.9537169507482269 -0.30070579950427323
vn 1 0 0
vn 0 -0.9537169507482269 0.30070579950427323
vn -1 0 0
vn 0 0.30070579950427323 0.9537169507482269
vn 0 -0.30070579950427323 -0.9537169507482269
usemtl m_072412b6-b3a7-dc78-3f09-0afb59b7ab17
f 4/4/1 7/3/1 5/2/1 2/1/1
f 3/8/2 4/7/2 2/6/2 1/5/2
f 8/12/3 3/11/3 1/10/3 6/9/3
f 7/16/4 8/15/4 6/14/4 5/13/4
f 6/20/5 1/19/5 2/18/5 5/17/5
f 7/24/6 4/23/6 3/22/6 8/21/6
o ripa1
v 0.499375 -0.07728512623539635 0.30568478181345365
v 0.499375 -0.01886996300206742 0.2872665515938169
v -0.49937500000000035 -0.07728512623539635 0.3056847818134536
v -0.49937500000000035 -0.01886996300206742 0.28726655159381687
v 0.499375 0.01834237968658642 0.40528902424891
v 0.499375 -0.04007278354674252 0.42370725446854673
v -0.49937500000000035 0.01834237968658642 0.40528902424891
v -0.49937500000000035 -0.04007278354674252 0.42370725446854673
vt 0.59375 1
vt 0.65625 1
vt 0.65625 0.59375
vt 0.59375 0.59375
vt 0.59375 1
vt 0.625 1
vt 0.625 0.59375
vt 0.59375 0.59375
vt 0.59375 1
vt 0.65625 1
vt 0.65625 0.59375
vt 0.59375 0.59375
vt 0.59375 1
vt 0.625 1
vt 0.625 0.59375
vt 0.59375 0.59375
vt 0.59375 1
vt 0.65625 1
vt 0.65625 1
vt 0.59375 1
vt 0.59375 1
vt 0.65625 1
vt 0.65625 1
vt 0.59375 1
vn 1.669252511239801e-17 0.9537169507482268 -0.30070579950427334
vn 5.294192588479889e-17 -0.3007057995042731 -0.953716950748227
vn -1.669252511239801e-17 -0.9537169507482268 0.30070579950427334
vn -5.294192588479889e-17 0.3007057995042731 0.953716950748227
vn 1 1.5882577765439665e-16 -5.007757533719402e-17
vn -1 -1.5882577765439665e-16 5.007757533719402e-17
usemtl m_072412b6-b3a7-dc78-3f09-0afb59b7ab17
f 12/28/7 15/27/7 13/26/7 10/25/7
f 11/32/8 12/31/8 10/30/8 9/29/8
f 16/36/9 11/35/9 9/34/9 14/33/9
f 15/40/10 16/39/10 14/38/10 13/37/10
f 14/44/11 9/43/11 10/42/11 13/41/11
f 15/48/12 12/47/12 11/46/12 16/45/12
o ripa2
v 0.499375 -0.30281447586360133 -0.4096029312477165
v 0.499375 -0.24439931263027243 -0.42802116146735325
v -0.49937500000000035 -0.30281447586360133 -0.4096029312477165
v -0.49937500000000035 -0.24439931263027243 -0.42802116146735325
v 0.499375 -0.20718696994161867 -0.30999868881226034
v 0.499375 -0.26560213317494763 -0.2915804585926236
v -0.49937500000000035 -0.20718696994161867 -0.30999868881226034
v -0.49937500000000035 -0.26560213317494763 -0.2915804585926236
vt 0.59375 1
vt 0.65625 1
vt 0.65625 0.59375
vt 0.59375 0.59375
vt 0.59375 1
vt 0.625 1
vt 0.625 0.59375
vt 0.59375 0.59375
vt 0.59375 1
vt 0.65625 1
vt 0.65625 0.59375
vt 0.59375 0.59375
vt 0.59375 1
vt 0.625 1
vt 0.625 0.59375
vt 0.59375 0.59375
vt 0.59375 1
vt 0.65625 1
vt 0.65625 1
vt 0.59375 1
vt 0.59375 1
vt 0.65625 1
vt 0.65625 1
vt 0.59375 1
vn 1.669252511239801e-17 0.9537169507482268 -0.30070579950427334
vn 5.294192588479889e-17 -0.3007057995042731 -0.953716950748227
vn -1.669252511239801e-17 -0.9537169507482268 0.30070579950427334
vn -5.294192588479889e-17 0.3007057995042731 0.953716950748227
vn 1 1.5882577765439665e-16 -5.007757533719402e-17
vn -1 -1.5882577765439665e-16 5.007757533719402e-17
usemtl m_072412b6-b3a7-dc78-3f09-0afb59b7ab17
f 20/52/13 23/51/13 21/50/13 18/49/13
f 19/56/14 20/55/14 18/54/14 17/53/14
f 24/60/15 19/59/15 17/58/15 22/57/15
f 23/64/16 24/63/16 22/62/16 21/61/16
f 22/68/17 17/67/17 18/66/17 21/65/17
f 23/72/18 20/71/18 19/70/18 24/69/18