# Made in Blockbench 4.12.4
mtllib telhado1m-canto.mtl

o caibo
v 0.061875 -0.1841991774522367 0.5805100982501092
v 0.061875 -0.0065693953753794415 0.5245036430924384
v 0.061875 -0.5221173196451641 -0.4912293251532107
v 0.061875 -0.34448753756830675 -0.5472357803108816
v -0.061875 -0.0065693953753794415 0.5245036430924384
v -0.061875 -0.1841991774522367 0.5805100982501092
v -0.061875 -0.34448753756830675 -0.5472357803108816
v -0.061875 -0.5221173196451641 -0.4912293251532107
vt 0.5625 1
vt 0.625 1
vt 0.625 0.59375
vt 0.5625 0.59375
vt 0.5625 1
vt 0.65625 1
vt 0.65625 0.59375
vt 0.5625 0.59375
vt 0.5625 1
vt 0.625 1
vt 0.625 0.59375
vt 0.5625 0.59375
vt 0.5625 1
vt 0.65625 1
vt 0.65625 0.59375
vt 0.5625 0.59375
vt 0.5625 1
vt 0.625 1
vt 0.625 1
vt 0.5625 1
vt 0.5625 1
vt 0.625 1
vt 0.625 1
vt 0.5625 1
vn 0 0.9537169507482268 -0.30070579950427345
vn 1 0 0
vn 0 -0.9537169507482268 0.30070579950427345
vn -1 0 0
vn 0 0.30070579950427345 0.9537169507482268
vn 0 -0.30070579950427345 -0.9537169507482268
usemtl m_072412b6-b3a7-dc78-3f09-0afb59b7ab17
f 4/4/1 7/3/1 5/2/1 2/1/1
f 3/8/2 4/7/2 2/6/2 1/5/2
f 8/12/3 3/11/3 1/10/3 6/9/3
f 7/16/4 8/15/4 6/14/4 5/13/4
f 6/20/5 1/19/5 2/18/5 5/17/5
f 7/24/6 4/23/6 3/22/6 8/21/6
o telha
v 0.499375 0.06290813196952746 0.5617159857810922
v 0.499375 0.18093060462462057 0.5245036430924384
v 0.499375 -0.3125982351614341 -0.629238056465756
v 0.499375 -0.19457576250634095 -0.66645039915441
v -0.499375 0.18093060462462057 0.5245036430924384
v -0.499375 0.06290813196952746 0.5617159857810922
v -0.499375 -0.19457576250634095 -0.66645039915441
v -0.499375 -0.3125982351614341 -0.629238056465756
vt 0 1
vt 0.5 1
vt 0.5 0.375
vt 0 0.375
vt 0 1
vt 0.0625 1
vt 0.0625 0.375
vt 0 0.375
vt 0 1
vt 0.5 1
vt 0.5 0.375
vt 0 0.375
vt 0 1
vt 0.0625 1
vt 0.0625 0.375
vt 0 0.375
vt 0 1
vt 0.5 1
vt 0.5 0.9375
vt 0 0.9375
vt 0 1
vt 0.5 1
vt 0.5 0.9375
vt 0 0.9375
vn 0 0.9537169507482268 -0.30070579950427345
vn 1 0 0
vn 0 -0.9537169507482268 0.30070579950427345
vn -1 0 0
vn 0 0.30070579950427345 0.9537169507482268
vn 0 -0.30070579950427345 -0.9537169507482268
usemtl m_072412b6-b3a7-dc78-3f09-0afb59b7ab17
f 12/28/7 15/27/7 13/26/7 10/25/7
f 11/32/8 12/31/8 10/30/8 9/29/8
f 16/36/9 11/35/9 9/34/9 14/33/9
f 15/40/10 16/39/10 14/38/10 13/37/10
f 14/44/11 9/43/11 10/42/11 13/41/11
f 15/48/12 12/47/12 11/46/12 16/45/12
o ripa1
v 0.4993750000000001 -0.0772851262353958 0.30568478181345365
v 0.49937500000000046 -0.01886996300206685 0.287266551593817
v -0.499375 -0.07728512623539002 0.30568478181345293
v -0.49937499999999957 -0.018869963002061077 0.28726655159381626
v 0.4993750000000006 0.018342379686586724 0.40528902424891017
v 0.49937500000000024 -0.04007278354674222 0.4237072544685468
v -0.49937499999999946 0.018342379686592497 0.40528902424890945
v -0.4993749999999999 -0.04007278354673646 0.42370725446854607
vt 0.59375 1
vt 0.65625 1
vt 0.65625 0.59375
vt 0.59375 0.59375
vt 0.59375 1
vt 0.625 1
vt 0.625 0.59375
vt 0.59375 0.59375
vt 0.59375 1
vt 0.65625 1
vt 0.65625 0.59375
vt 0.59375 0.59375
vt 0.59375 1
vt 0.625 1
vt 0.625 0.59375
vt 0.59375 0.59375
vt 0.59375 1
vt 0.65625 1
vt 0.65625 1
vt 0.59375 1
vt 0.59375 1
vt 0.65625 1
vt 0.65625 1
vt 0.59375 1
vn 5.7229631184802615e-15 0.9537169507482275 -0.3007057995042713
vn -1.0477775751869962e-15 -0.30070579950427145 -0.9537169507482275
vn -5.7229631184802615e-15 -0.9537169507482275 0.3007057995042713
vn 1.0477775751869962e-15 0.30070579950427145 0.9537169507482275
vn 1 -5.945694646036644e-15 7.105691442181986e-16
vn -1 5.945694646036644e-15 -7.105691442181986e-16
usemtl m_072412b6-b3a7-dc78-3f09-0afb59b7ab17
f 20/52/13 23/51/13 21/50/13 18/49/13
f 19/56/14 20/55/14 18/54/14 17/53/14
f 24/60/15 19/59/15 17/58/15 22/57/15
f 23/64/16 24/63/16 22/62/16 21/61/16
f 22/68/17 17/67/17 18/66/17 21/65/17
f 23/72/18 20/71/18 19/70/18 24/69/18
o ripa2
v 0.4993749999999993 -0.3028144758635993 -0.40960293124771685
v 0.4993749999999996 -0.24439931263027032 -0.4280211614673536
v -0.4993750000000009 -0.3028144758635935 -0.4096029312477175
v -0.49937500000000046 -0.24439931263026454 -0.42802116146735425
v 0.4993749999999998 -0.20718696994161678 -0.30999868881226056
v 0.4993749999999994 -0.26560213317494574 -0.2915804585926238
v -0.49937500000000035 -0.207186969941611 -0.3099986888122612
v -0.4993750000000008 -0.26560213317493997 -0.2915804585926245
vt 0.59375 1
vt 0.65625 1
vt 0.65625 0.59375
vt 0.59375 0.59375
vt 0.59375 1
vt 0.625 1
vt 0.625 0.59375
vt 0.59375 0.59375
vt 0.59375 1
vt 0.65625 1
vt 0.65625 0.59375
vt 0.59375 0.59375
vt 0.59375 1
vt 0.625 1
vt 0.625 0.59375
vt 0.59375 0.59375
vt 0.59375 1
vt 0.65625 1
vt 0.65625 1
vt 0.59375 1
vt 0.59375 1
vt 0.65625 1
vt 0.65625 1
vt 0.59375 1
vn 5.7229631184802615e-15 0.9537169507482275 -0.3007057995042713
vn -1.0477775751869962e-15 -0.30070579950427145 -0.9537169507482275
vn -5.7229631184802615e-15 -0.9537169507482275 0.3007057995042713
vn 1.0477775751869962e-15 0.30070579950427145 0.9537169507482275
vn 1 -5.945694646036644e-15 7.105691442181986e-16
vn -1 5.945694646036644e-15 -7.105691442181986e-16
usemtl m_072412b6-b3a7-dc78-3f09-0afb59b7ab17
f 28/76/19 31/75/19 29/74/19 26/73/19
f 27/80/20 28/79/20 26/78/20 25/77/20
f 32/84/21 27/83/21 25/82/21 30/81/21
f 31/88/22 32/87/22 30/86/22 29/85/22
f 30/92/23 25/91/23 26/90/23 29/89/23
f 31/96/24 28/95/24 27/94/24 32/93/24