# Made in Blockbench 4.12.4
mtllib lt-telhado2mcont.mtl

o telha
v 0.499375 0.25040813196952744 0.561715985781092
v 0.499375 0.3684306046246205 0.5245036430924382
v 0.499375 -0.44459814713472445 -1.6425623166357468
v 0.499375 -0.3265756744796313 -1.6797746593244005
v -0.499375 0.3684306046246205 0.5245036430924382
v -0.499375 0.25040813196952744 0.561715985781092
v -0.499375 -0.3265756744796313 -1.6797746593244005
v -0.499375 -0.44459814713472445 -1.6425623166357468
vt 0 1
vt 0.5 1
vt 0.5 0
vt 0 0
vt 0 1
vt 0.0625 1
vt 0.0625 0
vt 0 0
vt 0 1
vt 0.5 1
vt 0.5 0
vt 0 0
vt 0 1
vt 0.0625 1
vt 0.0625 0
vt 0 0
vt 0 1
vt 0.5 1
vt 0.5 0.9375
vt 0 0.9375
vt 0 1
vt 0.5 1
vt 0.5 0.9375
vt 0 0.9375
vn 0 0.9537169507482268 -0.30070579950427345
vn 1 0 0
vn 0 -0.9537169507482268 0.30070579950427345
vn -1 0 0
vn 0 0.30070579950427345 0.9537169507482268
vn 0 -0.30070579950427345 -0.9537169507482268
usemtl m_072412b6-b3a7-dc78-3f09-0afb59b7ab17
f 4/4/1 7/3/1 5/2/1 2/1/1
f 3/8/2 4/7/2 2/6/2 1/5/2
f 8/12/3 3/11/3 1/10/3 6/9/3
f 7/16/4 8/15/4 6/14/4 5/13/4
f 6/20/5 1/19/5 2/18/5 5/17/5
f 7/24/6 4/23/6 3/22/6 8/21/6
o ripa1
v 0.49937499999999985 0.03503842388853637 0.06725554412639673
v 0.4993750000000002 0.09345358712186533 0.04883731390676005
v -0.49937500000000024 0.03503842388854214 0.067255544126396
v -0.4993749999999998 0.0934535871218711 0.04883731390675938
v 0.49937500000000035 0.1306659298105189 0.1668597865618533
v 0.49937499999999996 0.07225076657718996 0.18527801678148992
v -0.4993749999999997 0.13066592981052466 0.16685978656185257
v -0.4993750000000001 0.07225076657719573 0.1852780167814892
vt 0.59375 1
vt 0.65625 1
vt 0.65625 0.59375
vt 0.59375 0.59375
vt 0.59375 1
vt 0.625 1
vt 0.625 0.59375
vt 0.59375 0.59375
vt 0.59375 1
vt 0.65625 1
vt 0.65625 0.59375
vt 0.59375 0.59375
vt 0.59375 1
vt 0.625 1
vt 0.625 0.59375
vt 0.59375 0.59375
vt 0.59375 1
vt 0.65625 1
vt 0.65625 1
vt 0.59375 1
vt 0.59375 1
vt 0.65625 1
vt 0.65625 1
vt 0.59375 1
vn 5.7229631184802615e-15 0.9537169507482275 -0.3007057995042713
vn -1.0477775751869962e-15 -0.30070579950427145 -0.9537169507482275
vn -5.7229631184802615e-15 -0.9537169507482275 0.3007057995042713
vn 1.0477775751869962e-15 0.30070579950427145 0.9537169507482275
vn 1 -5.945694646036644e-15 7.105691442181986e-16
vn -1 5.945694646036644e-15 -7.105691442181986e-16
usemtl m_072412b6-b3a7-dc78-3f09-0afb59b7ab17
f 12/28/7 15/27/7 13/26/7 10/25/7
f 11/32/8 12/31/8 10/30/8 9/29/8
f 16/36/9 11/35/9 9/34/9 14/33/9
f 15/40/10 16/39/10 14/38/10 13/37/10
f 14/44/11 9/43/11 10/42/11 13/41/11
f 15/48/12 12/47/12 11/46/12 16/45/12
o ripa2
v 0.499374999999999 -0.19049092573966708 -0.6480321689347737
v 0.49937499999999935 -0.13207576250633812 -0.6664503991544104
v -0.499375000000001 -0.1904909257396613 -0.6480321689347743
v -0.49937500000000057 -0.13207576250633235 -0.6664503991544111
v 0.4993749999999995 -0.09486341981768459 -0.5484279264993175
v 0.4993749999999991 -0.15327858305101355 -0.5300096962796808
v -0.49937500000000046 -0.09486341981767882 -0.5484279264993182
v -0.4993750000000009 -0.15327858305100778 -0.5300096962796814
vt 0.59375 1
vt 0.65625 1
vt 0.65625 0.59375
vt 0.59375 0.59375
vt 0.59375 1
vt 0.625 1
vt 0.625 0.59375
vt 0.59375 0.59375
vt 0.59375 1
vt 0.65625 1
vt 0.65625 0.59375
vt 0.59375 0.59375
vt 0.59375 1
vt 0.625 1
vt 0.625 0.59375
vt 0.59375 0.59375
vt 0.59375 1
vt 0.65625 1
vt 0.65625 1
vt 0.59375 1
vt 0.59375 1
vt 0.65625 1
vt 0.65625 1
vt 0.59375 1
vn 5.7229631184802615e-15 0.9537169507482275 -0.3007057995042713
vn -1.0477775751869962e-15 -0.30070579950427145 -0.9537169507482275
vn -5.7229631184802615e-15 -0.9537169507482275 0.3007057995042713
vn 1.0477775751869962e-15 0.30070579950427145 0.9537169507482275
vn 1 -5.945694646036644e-15 7.105691442181986e-16
vn -1 5.945694646036644e-15 -7.105691442181986e-16
usemtl m_072412b6-b3a7-dc78-3f09-0afb59b7ab17
f 20/52/13 23/51/13 21/50/13 18/49/13
f 19/56/14 20/55/14 18/54/14 17/53/14
f 24/60/15 19/59/15 17/58/15 22/57/15
f 23/64/16 24/63/16 22/62/16 21/61/16
f 22/68/17 17/67/17 18/66/17 21/65/17
f 23/72/18 20/71/18 19/70/18 24/69/18
o ripa3
v 0.49937499999999807 -0.43481438783688753 -1.4229271914177088
v 0.49937499999999846 -0.37639922460355857 -1.4413454216373456
v -0.499375000000002 -0.43481438783688175 -1.4229271914177095
v -0.49937500000000157 -0.3763992246035528 -1.441345421637346
v 0.49937499999999857 -0.3391868819149049 -1.323322948982252
v 0.49937499999999824 -0.39760204514823383 -1.3049047187626153
v -0.49937500000000135 -0.33918688191489915 -1.3233229489822527
v -0.4993750000000018 -0.39760204514822806 -1.304904718762616
vt 0.59375 1
vt 0.65625 1
vt 0.65625 0.59375
vt 0.59375 0.59375
vt 0.59375 1
vt 0.625 1
vt 0.625 0.59375
vt 0.59375 0.59375
vt 0.59375 1
vt 0.65625 1
vt 0.65625 0.59375
vt 0.59375 0.59375
vt 0.59375 1
vt 0.625 1
vt 0.625 0.59375
vt 0.59375 0.59375
vt 0.59375 1
vt 0.65625 1
vt 0.65625 1
vt 0.59375 1
vt 0.59375 1
vt 0.65625 1
vt 0.65625 1
vt 0.59375 1
vn 5.7229631184802615e-15 0.9537169507482275 -0.3007057995042713
vn -1.0477775751869962e-15 -0.30070579950427145 -0.9537169507482275
vn -5.7229631184802615e-15 -0.9537169507482275 0.3007057995042713
vn 1.0477775751869962e-15 0.30070579950427145 0.9537169507482275
vn 1 -5.945694646036644e-15 7.105691442181986e-16
vn -1 5.945694646036644e-15 -7.105691442181986e-16
usemtl m_072412b6-b3a7-dc78-3f09-0afb59b7ab17
f 28/76/19 31/75/19 29/74/19 26/73/19
f 27/80/20 28/79/20 26/78/20 25/77/20
f 32/84/21 27/83/21 25/82/21 30/81/21
f 31/88/22 32/87/22 30/86/22 29/85/22
f 30/92/23 25/91/23 26/90/23 29/89/23
f 31/96/24 28/95/24 27/94/24 32/93/24