# Made in Blockbench 4.12.4
mtllib ventilador3.mtl

o Block
v -0.06046119066199385 0.1875 0.16611575609716867
v 0.16611575609716867 0.1875 0.06046119066199385
v -0.06046119066199385 0.125 0.16611575609716867
v 0.16611575609716867 0.125 0.06046119066199385
v 0.06046119066199385 0.1875 -0.16611575609716867
v -0.16611575609716867 0.1875 -0.06046119066199385
v 0.06046119066199385 0.125 -0.16611575609716867
v -0.16611575609716867 0.125 -0.06046119066199385
vt 0.25 1
vt 0.375 1
vt 0.375 0.9375
vt 0.25 0.9375
vt 0.25 1
vt 0.375 1
vt 0.375 0.9375
vt 0.25 0.9375
vt 0.25 1
vt 0.375 1
vt 0.375 0.9375
vt 0.25 0.9375
vt 0.25 1
vt 0.375 1
vt 0.375 0.9375
vt 0.25 0.9375
vt 0.25 1
vt 0.375 1
vt 0.375 0.75
vt 0.25 0.75
vt 0.25 1
vt 0.375 1
vt 0.375 0.75
vt 0.25 0.75
vn 0.90630778703665 0 -0.4226182617406993
vn 0.4226182617406993 0 0.90630778703665
vn -0.90630778703665 0 0.4226182617406993
vn -0.4226182617406993 0 -0.90630778703665
vn 0 1 0
vn 0 -1 0
usemtl m_32f403ab-1c4c-78b5-2852-3723bd8cf705
f 4/4/1 7/3/1 5/2/1 2/1/1
f 3/8/2 4/7/2 2/6/2 1/5/2
f 8/12/3 3/11/3 1/10/3 6/9/3
f 7/16/4 8/15/4 6/14/4 5/13/4
f 6/20/5 1/19/5 2/18/5 5/17/5
f 7/24/6 4/23/6 3/22/6 8/21/6
o pa
v 0.23638090172634804 0.16922676945105386 0.6483460945701328
v 0.3447192081671135 0.20577323054894614 0.5978271126052609
v 0.25294207286717396 0.10945772189878764 0.6406234936391502
v 0.3612803793079394 0.1460041829966799 0.5901045116742782
v 0.10699643593797012 0.20577323054894614 0.08802898239714531
v -0.0013418705027953073 0.16922676945105386 0.13854796436201722
v 0.12355760707879601 0.1460041829966799 0.08030638146616265
v 0.015219300638030578 0.10945772189878764 0.13082536343103454
vt 0.0625 0.75
vt 0.34375 0.75
vt 0.34375 0.6875
vt 0.0625 0.6875
vt 0.0625 0.75
vt 0.125 0.75
vt 0.125 0.6875
vt 0.0625 0.6875
vt 0.0625 0.75
vt 0.34375 0.75
vt 0.34375 0.6875
vt 0.0625 0.6875
vt 0.0625 0.75
vt 0.125 0.75
vt 0.125 0.6875
vt 0.0625 0.6875
vt 0.0625 0.75
vt 0.34375 0.75
vt 0.34375 0.625
vt 0.0625 0.625
vt 0.0625 0.75
vt 0.34375 0.75
vt 0.34375 0.625
vt 0.0625 0.625
vn 0.8667064515261235 0.2923716887831382 -0.4041518557189752
vn 0.4226182617406993 -1.3877787807814457e-17 0.9063077870366502
vn -0.8667064515261235 -0.2923716887831382 0.4041518557189752
vn -0.4226182617406993 1.3877787807814457e-17 -0.9063077870366502
vn -0.2649787382532141 0.9563047608362598 0.12356161489572257
vn 0.2649787382532141 -0.9563047608362598 -0.12356161489572257
usemtl m_32f403ab-1c4c-78b5-2852-3723bd8cf705
f 12/28/7 15/27/7 13/26/7 10/25/7
f 11/32/8 12/31/8 10/30/8 9/29/8
f 16/36/9 11/35/9 9/34/9 14/33/9
f 15/40/10 16/39/10 14/38/10 13/37/10
f 14/44/11 9/43/11 10/42/11 13/41/11
f 15/48/12 12/47/12 11/46/12 16/45/12
o pa
v -0.3447192081671135 0.20577323054894614 -0.5978271126052609
v -0.23638090172634804 0.16922676945105386 -0.6483460945701328
v -0.3612803793079394 0.1460041829966799 -0.5901045116742782
v -0.25294207286717396 0.10945772189878764 -0.6406234936391502
v 0.0013418705027953073 0.16922676945105386 -0.13854796436201722
v -0.10699643593797012 0.20577323054894614 -0.08802898239714531
v -0.015219300638030578 0.10945772189878764 -0.13082536343103454
v -0.12355760707879601 0.1460041829966799 -0.08030638146616265
vt 0.0625 0.75
vt 0.34375 0.75
vt 0.34375 0.6875
vt 0.0625 0.6875
vt 0.0625 0.75
vt 0.125 0.75
vt 0.125 0.6875
vt 0.0625 0.6875
vt 0.0625 0.75
vt 0.34375 0.75
vt 0.34375 0.6875
vt 0.0625 0.6875
vt 0.0625 0.75
vt 0.125 0.75
vt 0.125 0.6875
vt 0.0625 0.6875
vt 0.0625 0.75
vt 0.34375 0.75
vt 0.34375 0.625
vt 0.0625 0.625
vt 0.0625 0.75
vt 0.34375 0.75
vt 0.34375 0.625
vt 0.0625 0.625
vn 0.8667064515261235 -0.2923716887831382 -0.4041518557189752
vn 0.4226182617406993 1.3877787807814457e-17 0.9063077870366502
vn -0.8667064515261235 0.2923716887831382 0.4041518557189752
vn -0.4226182617406993 -1.3877787807814457e-17 -0.9063077870366502
vn 0.2649787382532141 0.9563047608362598 -0.12356161489572257
vn -0.2649787382532141 -0.9563047608362598 0.12356161489572257
usemtl m_32f403ab-1c4c-78b5-2852-3723bd8cf705
f 20/52/13 23/51/13 21/50/13 18/49/13
f 19/56/14 20/55/14 18/54/14 17/53/14
f 24/60/15 19/59/15 17/58/15 22/57/15
f 23/64/16 24/63/16 22/62/16 21/61/16
f 22/68/17 17/67/17 18/66/17 21/65/17
f 23/72/18 20/71/18 19/70/18 24/69/18
o pa
v -0.5978271123992307 0.20577322895437547 0.34471920860894667
v -0.6483460947761631 0.16922677104562447 0.2363809012845146
v -0.5901045121421427 0.14600418091460013 0.36128037830460075
v -0.6406234945190751 0.10945772300584913 0.2529420709801687
v -0.13854796456804744 0.1692267710456245 -0.0013418709446286134
v -0.08802898219111507 0.2057732289543755 0.10699643637980344
v -0.13082536431095945 0.10945772300584916 0.015219298751025484
v -0.08030638193402707 0.14600418091460016 0.12355760607545753
vt 0.0625 0.75
vt 0.34375 0.75
vt 0.34375 0.6875
vt 0.0625 0.6875
vt 0.0625 0.75
vt 0.125 0.75
vt 0.125 0.6875
vt 0.0625 0.6875
vt 0.0625 0.75
vt 0.34375 0.75
vt 0.34375 0.6875
vt 0.0625 0.6875
vt 0.0625 0.75
vt 0.125 0.75
vt 0.125 0.6875
vt 0.0625 0.6875
vt 0.0625 0.75
vt 0.34375 0.75
vt 0.34375 0.625
vt 0.0625 0.625
vt 0.0625 0.75
vt 0.34375 0.75
vt 0.34375 0.625
vt 0.0625 0.625
vn -0.404151859015459 -0.292371663270008 -0.8667064585954564
vn 0.9063077870366503 5.551115123125784e-17 -0.4226182617406991
vn 0.404151859015459 0.292371663270008 0.8667064585954564
vn -0.9063077870366503 -5.551115123125784e-17 0.4226182617406991
vn -0.12356160411340782 0.9563047686364055 -0.2649787151304656
vn 0.12356160411340782 -0.9563047686364055 0.2649787151304656
usemtl m_32f403ab-1c4c-78b5-2852-3723bd8cf705
f 28/76/19 31/75/19 29/74/19 26/73/19
f 27/80/20 28/79/20 26/78/20 25/77/20
f 32/84/21 27/83/21 25/82/21 30/81/21
f 31/88/22 32/87/22 30/86/22 29/85/22
f 30/92/23 25/91/23 26/90/23 29/89/23
f 31/96/24 28/95/24 27/94/24 32/93/24
o pa
v 0.6483460947761631 0.16922677104562453 -0.23638090128451486
v 0.5978271123992307 0.20577322895437553 -0.3447192086089469
v 0.6406234945190751 0.10945772300584919 -0.25294207098016896
v 0.5901045121421427 0.14600418091460018 -0.36128037830460097
v 0.08802898219111505 0.2057732289543755 -0.10699643637980341
v 0.13854796456804747 0.1692267710456245 0.0013418709446285995
v 0.08030638193402705 0.14600418091460016 -0.12355760607545752
v 0.13082536431095948 0.10945772300584916 -0.015219298751025498
vt 0.0625 0.75
vt 0.34375 0.75
vt 0.34375 0.6875
vt 0.0625 0.6875
vt 0.0625 0.75
vt 0.125 0.75
vt 0.125 0.6875
vt 0.0625 0.6875
vt 0.0625 0.75
vt 0.34375 0.75
vt 0.34375 0.6875
vt 0.0625 0.6875
vt 0.0625 0.75
vt 0.125 0.75
vt 0.125 0.6875
vt 0.0625 0.6875
vt 0.0625 0.75
vt 0.34375 0.75
vt 0.34375 0.625
vt 0.0625 0.625
vt 0.0625 0.75
vt 0.34375 0.75
vt 0.34375 0.625
vt 0.0625 0.625
vn 0.40415185901545947 -0.292371663270008 0.8667064585954561
vn -0.90630778703665 -6.93889390390723e-17 0.42261826174069955
vn -0.40415185901545947 0.292371663270008 -0.8667064585954561
vn 0.90630778703665 6.93889390390723e-17 -0.42261826174069955
vn 0.1235616041134079 0.9563047686364057 0.2649787151304656
vn -0.1235616041134079 -0.9563047686364057 -0.2649787151304656
usemtl m_32f403ab-1c4c-78b5-2852-3723bd8cf705
f 36/100/25 39/99/25 37/98/25 34/97/25
f 35/104/26 36/103/26 34/102/26 33/101/26
f 40/108/27 35/107/27 33/106/27 38/105/27
f 39/112/28 40/111/28 38/110/28 37/109/28
f 38/116/29 33/115/29 34/114/29 37/113/29
f 39/120/30 36/119/30 35/118/30 40/117/30
o haste
v -0.015115297665498462 0.4375 0.041528939024292166
v 0.041528939024292166 0.4375 0.015115297665498462
v -0.015115297665498462 0.1875 0.041528939024292166
v 0.041528939024292166 0.1875 0.015115297665498462
v 0.015115297665498462 0.4375 -0.041528939024292166
v -0.041528939024292166 0.4375 -0.015115297665498462
v 0.015115297665498462 0.1875 -0.041528939024292166
v -0.041528939024292166 0.1875 -0.015115297665498462
vt 0.0625 1
vt 0.09375 1
vt 0.09375 0.75
vt 0.0625 0.75
vt 0.0625 1
vt 0.09375 1
vt 0.09375 0.75
vt 0.0625 0.75
vt 0.0625 1
vt 0.09375 1
vt 0.09375 0.75
vt 0.0625 0.75
vt 0.0625 1
vt 0.09375 1
vt 0.09375 0.75
vt 0.0625 0.75
vt 0.0625 1
vt 0.09375 1
vt 0.09375 0.9375
vt 0.0625 0.9375
vt 0.0625 1
vt 0.09375 1
vt 0.09375 0.9375
vt 0.0625 0.9375
vn 0.90630778703665 0 -0.4226182617406993
vn 0.4226182617406993 0 0.90630778703665
vn -0.90630778703665 0 0.4226182617406993
vn -0.4226182617406993 0 -0.90630778703665
vn 0 1 0
vn 0 -1 0
usemtl m_32f403ab-1c4c-78b5-2852-3723bd8cf705
f 44/124/31 47/123/31 45/122/31 42/121/31
f 43/128/32 44/127/32 42/126/32 41/125/32
f 48/132/33 43/131/33 41/130/33 46/129/33
f 47/136/34 48/135/34 46/134/34 45/133/34
f 46/140/35 41/139/35 42/138/35 45/137/35
f 47/144/36 44/143/36 43/142/36 48/141/36
o base
v -0.06046119066199385 0.5 0.16611575609716867
v 0.16611575609716867 0.5 0.06046119066199385
v -0.06046119066199385 0.4375 0.16611575609716867
v 0.16611575609716867 0.4375 0.06046119066199385
v 0.06046119066199385 0.5 -0.16611575609716867
v -0.16611575609716867 0.5 -0.06046119066199385
v 0.06046119066199385 0.4375 -0.16611575609716867
v -0.16611575609716867 0.4375 -0.06046119066199385
vt 0.25 1
vt 0.375 1
vt 0.375 0.9375
vt 0.25 0.9375
vt 0.25 1
vt 0.375 1
vt 0.375 0.9375
vt 0.25 0.9375
vt 0.25 1
vt 0.375 1
vt 0.375 0.9375
vt 0.25 0.9375
vt 0.25 1
vt 0.375 1
vt 0.375 0.9375
vt 0.25 0.9375
vt 0.25 1
vt 0.375 1
vt 0.375 0.75
vt 0.25 0.75
vt 0.25 1
vt 0.375 1
vt 0.375 0.75
vt 0.25 0.75
vn 0.90630778703665 0 -0.4226182617406993
vn 0.4226182617406993 0 0.90630778703665
vn -0.90630778703665 0 0.4226182617406993
vn -0.4226182617406993 0 -0.90630778703665
vn 0 1 0
vn 0 -1 0
usemtl m_32f403ab-1c4c-78b5-2852-3723bd8cf705
f 52/148/37 55/147/37 53/146/37 50/145/37
f 51/152/38 52/151/38 50/150/38 49/149/38
f 56/156/39 51/155/39 49/154/39 54/153/39
f 55/160/40 56/159/40 54/158/40 53/157/40
f 54/164/41 49/163/41 50/162/41 53/161/41
f 55/168/42 52/167/42 51/166/42 56/165/42