# Made in Blockbench 4.12.4
mtllib ventilador2.mtl

o Block
v 0.053157777492898475 0.1875 0.16859493080165694
v 0.16859493080165694 0.1875 -0.053157777492898475
v 0.053157777492898475 0.125 0.16859493080165694
v 0.16859493080165694 0.125 -0.053157777492898475
v -0.053157777492898475 0.1875 -0.16859493080165694
v -0.16859493080165694 0.1875 0.053157777492898475
v -0.053157777492898475 0.125 -0.16859493080165694
v -0.16859493080165694 0.125 0.053157777492898475
vt 0.25 1
vt 0.375 1
vt 0.375 0.9375
vt 0.25 0.9375
vt 0.25 1
vt 0.375 1
vt 0.375 0.9375
vt 0.25 0.9375
vt 0.25 1
vt 0.375 1
vt 0.375 0.9375
vt 0.25 0.9375
vt 0.25 1
vt 0.375 1
vt 0.375 0.9375
vt 0.25 0.9375
vt 0.25 1
vt 0.375 1
vt 0.375 0.75
vt 0.25 0.75
vt 0.25 1
vt 0.375 1
vt 0.375 0.75
vt 0.25 0.75
vn 0.4617486132350339 0 -0.8870108331782217
vn 0.8870108331782217 0 0.4617486132350339
vn -0.4617486132350339 0 0.8870108331782217
vn -0.8870108331782217 0 -0.4617486132350339
vn 0 1 0
vn 0 -1 0
usemtl m_32f403ab-1c4c-78b5-2852-3723bd8cf705
f 4/4/1 7/3/1 5/2/1 2/1/1
f 3/8/2 4/7/2 2/6/2 1/5/2
f 8/12/3 3/11/3 1/10/3 6/9/3
f 7/16/4 8/15/4 6/14/4 5/13/4
f 6/20/5 1/19/5 2/18/5 5/17/5
f 7/24/6 4/23/6 3/22/6 8/21/6
o pa
v 0.5822216729883897 0.16922676945105386 0.37046796426669026
v 0.6374182226316651 0.20577323054894614 0.2644363789314814
v 0.5906593118536897 0.10945772189878764 0.3542594108126118
v 0.6458558614969651 0.1460041829966799 0.24822782547740296
v 0.13847462896891544 0.20577323054894614 0.004702783986774817
v 0.08327807932563999 0.16922676945105386 0.11073436932198366
v 0.14691226783421538 0.1460041829966799 -0.011505769467303625
v 0.09171571819093992 0.10945772189878764 0.09452581586790522
vt 0.0625 0.75
vt 0.34375 0.75
vt 0.34375 0.6875
vt 0.0625 0.6875
vt 0.0625 0.75
vt 0.125 0.75
vt 0.125 0.6875
vt 0.0625 0.6875
vt 0.0625 0.75
vt 0.34375 0.75
vt 0.34375 0.6875
vt 0.0625 0.6875
vt 0.0625 0.75
vt 0.125 0.75
vt 0.125 0.6875
vt 0.0625 0.6875
vt 0.0625 0.75
vt 0.34375 0.75
vt 0.34375 0.625
vt 0.0625 0.625
vt 0.0625 0.75
vt 0.34375 0.75
vt 0.34375 0.625
vt 0.0625 0.625
vn 0.44157239714620367 0.2923716887831382 -0.8482526826816708
vn 0.8870108331782217 1.3877787807814457e-17 0.4617486132350339
vn -0.44157239714620367 -0.2923716887831382 0.8482526826816708
vn -0.8870108331782217 -1.3877787807814457e-17 -0.4617486132350339
vn -0.135002221844799 0.9563047608362597 0.25933685526525513
vn 0.135002221844799 -0.9563047608362597 -0.25933685526525513
usemtl m_32f403ab-1c4c-78b5-2852-3723bd8cf705
f 12/28/7 15/27/7 13/26/7 10/25/7
f 11/32/8 12/31/8 10/30/8 9/29/8
f 16/36/9 11/35/9 9/34/9 14/33/9
f 15/40/10 16/39/10 14/38/10 13/37/10
f 14/44/11 9/43/11 10/42/11 13/41/11
f 15/48/12 12/47/12 11/46/12 16/45/12
o pa
v -0.6374182226316651 0.20577323054894614 -0.2644363789314814
v -0.5822216729883897 0.16922676945105386 -0.37046796426669026
v -0.6458558614969651 0.1460041829966799 -0.24822782547740296
v -0.5906593118536897 0.10945772189878764 -0.3542594108126118
v -0.08327807932563999 0.16922676945105386 -0.11073436932198366
v -0.13847462896891544 0.20577323054894614 -0.004702783986774817
v -0.09171571819093992 0.10945772189878764 -0.09452581586790522
v -0.14691226783421538 0.1460041829966799 0.011505769467303625
vt 0.0625 0.75
vt 0.34375 0.75
vt 0.34375 0.6875
vt 0.0625 0.6875
vt 0.0625 0.75
vt 0.125 0.75
vt 0.125 0.6875
vt 0.0625 0.6875
vt 0.0625 0.75
vt 0.34375 0.75
vt 0.34375 0.6875
vt 0.0625 0.6875
vt 0.0625 0.75
vt 0.125 0.75
vt 0.125 0.6875
vt 0.0625 0.6875
vt 0.0625 0.75
vt 0.34375 0.75
vt 0.34375 0.625
vt 0.0625 0.625
vt 0.0625 0.75
vt 0.34375 0.75
vt 0.34375 0.625
vt 0.0625 0.625
vn 0.44157239714620367 -0.2923716887831382 -0.8482526826816708
vn 0.8870108331782217 -1.3877787807814457e-17 0.4617486132350339
vn -0.44157239714620367 0.2923716887831382 0.8482526826816708
vn -0.8870108331782217 1.3877787807814457e-17 -0.4617486132350339
vn 0.135002221844799 0.9563047608362597 -0.25933685526525513
vn -0.135002221844799 -0.9563047608362597 0.25933685526525513
usemtl m_32f403ab-1c4c-78b5-2852-3723bd8cf705
f 20/52/13 23/51/13 21/50/13 18/49/13
f 19/56/14 20/55/14 18/54/14 17/53/14
f 24/60/15 19/59/15 17/58/15 22/57/15
f 23/64/16 24/63/16 22/62/16 21/61/16
f 22/68/17 17/67/17 18/66/17 21/65/17
f 23/72/18 20/71/18 19/70/18 24/69/18
o pa
v -0.26443637849905566 0.20577322895437547 0.6374182228567717
v -0.37046796469911625 0.16922677104562447 0.582221672763283
v -0.24822782645937866 0.14600418091460013 0.6458558609857808
v -0.3542594126594392 0.10945772300584913 0.5906593108922921
v -0.1107343697544095 0.1692267710456245 0.08327807910053331
v -0.004702783554348965 0.2057732289543755 0.13847462919402212
v -0.0945258177147325 0.10945772300584916 0.09171571722954247
v 0.011505768485328055 0.14600418091460016 0.14691226732303125
vt 0.0625 0.75
vt 0.34375 0.75
vt 0.34375 0.6875
vt 0.0625 0.6875
vt 0.0625 0.75
vt 0.125 0.75
vt 0.125 0.6875
vt 0.0625 0.6875
vt 0.0625 0.75
vt 0.34375 0.75
vt 0.34375 0.6875
vt 0.0625 0.6875
vt 0.0625 0.75
vt 0.125 0.75
vt 0.125 0.6875
vt 0.0625 0.6875
vt 0.0625 0.75
vt 0.34375 0.75
vt 0.34375 0.625
vt 0.0625 0.625
vt 0.0625 0.75
vt 0.34375 0.75
vt 0.34375 0.625
vt 0.0625 0.625
vn -0.8482526896004845 -0.292371663270008 -0.4415724007479104
vn 0.4617486132350342 8.326672684688677e-17 -0.8870108331782217
vn 0.8482526896004845 0.292371663270008 0.4415724007479104
vn -0.4617486132350342 -8.326672684688677e-17 0.8870108331782217
vn -0.2593368326348323 0.9563047686364056 -0.13500221006414653
vn 0.2593368326348323 -0.9563047686364056 0.13500221006414653
usemtl m_32f403ab-1c4c-78b5-2852-3723bd8cf705
f 28/76/19 31/75/19 29/74/19 26/73/19
f 27/80/20 28/79/20 26/78/20 25/77/20
f 32/84/21 27/83/21 25/82/21 30/81/21
f 31/88/22 32/87/22 30/86/22 29/85/22
f 30/92/23 25/91/23 26/90/23 29/89/23
f 31/96/24 28/95/24 27/94/24 32/93/24
o pa
v 0.37046796469911597 0.16922677104562453 -0.5822216727632831
v 0.2644363784990554 0.20577322895437553 -0.6374182228567719
v 0.35425941265943894 0.10945772300584919 -0.5906593108922922
v 0.24822782645937835 0.14600418091460018 -0.645855860985781
v 0.004702783554348951 0.2057732289543755 -0.1384746291940221
v 0.11073436975440953 0.1692267710456245 -0.08327807910053334
v -0.011505768485328069 0.14600418091460016 -0.14691226732303125
v 0.09452581771473251 0.10945772300584916 -0.0917157172295425
vt 0.0625 0.75
vt 0.34375 0.75
vt 0.34375 0.6875
vt 0.0625 0.6875
vt 0.0625 0.75
vt 0.125 0.75
vt 0.125 0.6875
vt 0.0625 0.6875
vt 0.0625 0.75
vt 0.34375 0.75
vt 0.34375 0.6875
vt 0.0625 0.6875
vt 0.0625 0.75
vt 0.125 0.75
vt 0.125 0.6875
vt 0.0625 0.6875
vt 0.0625 0.75
vt 0.34375 0.75
vt 0.34375 0.625
vt 0.0625 0.625
vt 0.0625 0.75
vt 0.34375 0.75
vt 0.34375 0.625
vt 0.0625 0.625
vn 0.8482526896004846 -0.2923716632700081 0.44157240074790993
vn -0.46174861323503374 -6.93889390390723e-17 0.8870108331782219
vn -0.8482526896004846 0.2923716632700081 -0.44157240074790993
vn 0.46174861323503374 6.93889390390723e-17 -0.8870108331782219
vn 0.2593368326348323 0.9563047686364055 0.1350022100641465
vn -0.2593368326348323 -0.9563047686364055 -0.1350022100641465
usemtl m_32f403ab-1c4c-78b5-2852-3723bd8cf705
f 36/100/25 39/99/25 37/98/25 34/97/25
f 35/104/26 36/103/26 34/102/26 33/101/26
f 40/108/27 35/107/27 33/106/27 38/105/27
f 39/112/28 40/111/28 38/110/28 37/109/28
f 38/116/29 33/115/29 34/114/29 37/113/29
f 39/120/30 36/119/30 35/118/30 40/117/30
o haste
v 0.013289444373224619 0.4375 0.042148732700414235
v 0.042148732700414235 0.4375 -0.013289444373224619
v 0.013289444373224619 0.1875 0.042148732700414235
v 0.042148732700414235 0.1875 -0.013289444373224619
v -0.013289444373224619 0.4375 -0.042148732700414235
v -0.042148732700414235 0.4375 0.013289444373224619
v -0.013289444373224619 0.1875 -0.042148732700414235
v -0.042148732700414235 0.1875 0.013289444373224619
vt 0.0625 1
vt 0.09375 1
vt 0.09375 0.75
vt 0.0625 0.75
vt 0.0625 1
vt 0.09375 1
vt 0.09375 0.75
vt 0.0625 0.75
vt 0.0625 1
vt 0.09375 1
vt 0.09375 0.75
vt 0.0625 0.75
vt 0.0625 1
vt 0.09375 1
vt 0.09375 0.75
vt 0.0625 0.75
vt 0.0625 1
vt 0.09375 1
vt 0.09375 0.9375
vt 0.0625 0.9375
vt 0.0625 1
vt 0.09375 1
vt 0.09375 0.9375
vt 0.0625 0.9375
vn 0.4617486132350339 0 -0.8870108331782217
vn 0.8870108331782217 0 0.4617486132350339
vn -0.4617486132350339 0 0.8870108331782217
vn -0.8870108331782217 0 -0.4617486132350339
vn 0 1 0
vn 0 -1 0
usemtl m_32f403ab-1c4c-78b5-2852-3723bd8cf705
f 44/124/31 47/123/31 45/122/31 42/121/31
f 43/128/32 44/127/32 42/126/32 41/125/32
f 48/132/33 43/131/33 41/130/33 46/129/33
f 47/136/34 48/135/34 46/134/34 45/133/34
f 46/140/35 41/139/35 42/138/35 45/137/35
f 47/144/36 44/143/36 43/142/36 48/141/36
o base
v 0.053157777492898475 0.5 0.16859493080165694
v 0.16859493080165694 0.5 -0.053157777492898475
v 0.053157777492898475 0.4375 0.16859493080165694
v 0.16859493080165694 0.4375 -0.053157777492898475
v -0.053157777492898475 0.5 -0.16859493080165694
v -0.16859493080165694 0.5 0.053157777492898475
v -0.053157777492898475 0.4375 -0.16859493080165694
v -0.16859493080165694 0.4375 0.053157777492898475
vt 0.25 1
vt 0.375 1
vt 0.375 0.9375
vt 0.25 0.9375
vt 0.25 1
vt 0.375 1
vt 0.375 0.9375
vt 0.25 0.9375
vt 0.25 1
vt 0.375 1
vt 0.375 0.9375
vt 0.25 0.9375
vt 0.25 1
vt 0.375 1
vt 0.375 0.9375
vt 0.25 0.9375
vt 0.25 1
vt 0.375 1
vt 0.375 0.75
vt 0.25 0.75
vt 0.25 1
vt 0.375 1
vt 0.375 0.75
vt 0.25 0.75
vn 0.4617486132350339 0 -0.8870108331782217
vn 0.8870108331782217 0 0.4617486132350339
vn -0.4617486132350339 0 0.8870108331782217
vn -0.8870108331782217 0 -0.4617486132350339
vn 0 1 0
vn 0 -1 0
usemtl m_32f403ab-1c4c-78b5-2852-3723bd8cf705
f 52/148/37 55/147/37 53/146/37 50/145/37
f 51/152/38 52/151/38 50/150/38 49/149/38
f 56/156/39 51/155/39 49/154/39 54/153/39
f 55/160/40 56/159/40 54/158/40 53/157/40
f 54/164/41 49/163/41 50/162/41 53/161/41
f 55/168/42 52/167/42 51/166/42 56/165/42